16 -0.00069156 -0.0036572 0.00151979 6.68498 -1.65505 -6.74023 
48 -0.00130643 -0.00132944 0.00240532 6.63524 -1.61687 -6.74414 
80 -0.00230119 -0.00153727 0.00173189 6.59619 -1.55946 -6.75416 
112 -0.00238219 -0.00105084 0.00441495 6.56409 -1.48275 -6.75668 
144 -0.00271712 -0.000618402 0.00365811 6.54375 -1.4004 -6.7616 
176 -0.0029279 -0.00109726 0.00432515 6.5105 -1.31625 -6.76622 
208 -0.00261309 -0.00098513 0.00405331 6.48606 -1.22864 -6.7713 
240 -0.00266546 -0.00111113 0.00494122 6.45715 -1.14228 -6.77908 
272 -0.00267174 -0.000655999 0.00465332 6.43483 -1.06725 -6.78797 
528 -0.00202696 -0.00176068 -0.00038406 6.62653 -1.61505 -6.71918 
560 -0.00212656 -0.0006898 0.00104725 6.60247 -1.54664 -6.72114 
592 -0.00286727 -0.00102088 0.00103731 6.57314 -1.46419 -6.72705 
624 -0.00327252 -0.00095262 0.00109682 6.53876 -1.3687 -6.72755 
656 -0.0029274 -0.00057482 0.00175577 6.51549 -1.27608 -6.7264 
688 -0.00271938 -0.00030539 0.00160712 6.49412 -1.19184 -6.72804 
720 -0.00218445 -0.00073553 0.00226463 6.46606 -1.12011 -6.72915 
752 -0.00132581 -0.00099947 0.00228188 6.4301 -1.06426 -6.73098 
784 -0.000419346 -0.00194555 0.000687127 6.38304 -1.03244 -6.73731 
1040 -0.00174119 -0.00181956 0.00173857 6.61004 -1.72592 -6.60603 
1072 -0.00282986 -0.00094153 0.000901519 6.57832 -1.64748 -6.6037 
1104 -0.00345161 -0.00072803 0.000204073 6.54705 -1.5493 -6.60786 
1136 -0.00339432 -0.00088794 0.000363 6.51253 -1.44408 -6.6063 
1168 -0.00329868 -0.0009802 0.000183633 6.48274 -1.34164 -6.60756 
1200 -0.00314317 -0.0008956 0.000235785 6.44674 -1.23973 -6.60988 
1232 -0.0025418 -0.00108812 -0.000333487 6.41181 -1.15495 -6.61188 
1264 -0.00226609 -0.00087195 -0.000609034 6.37134 -1.08191 -6.61478 
1296 -0.00103937 -0.00120235 -0.000771147 6.33589 -1.02735 -6.61617 
1552 0.000234342 0.000892042 0.0059539 5.80628 -1.14349 -6.4667 
1584 0.000703208 0.001806 0.00179159 5.83977 -1.16124 -6.47634 
1616 0.00131594 0.00145963 0.00123855 5.87509 -1.18704 -6.47421 
1648 0.0014275 0.00180285 -0.00238078 5.91634 -1.21774 -6.46896 
1680 0.00150753 0.00170446 -0.0039669 5.95965 -1.23877 -6.46492 
1712 0.00115607 0.00161261 -0.00392142 6.00318 -1.25848 -6.46664 
1744 0.00089385 0.00172995 -0.0050571 6.04073 -1.27876 -6.47025 
1776 0.00045178 0.00141602 -0.0059015 6.07245 -1.28745 -6.47403 
1808 0.00110824 0.00134424 -0.00272118 6.10584 -1.29024 -6.47177 
2064 0.00192388 0.00269268 0.0083771 5.90454 -1.14314 -6.37841 
2096 0.00053361 0.00215816 0.0053892 5.96539 -1.17022 -6.39031 
2128 0.00097409 0.00226712 0.0044059 6.0216 -1.18787 -6.39608 
2160 0.000533384 0.00173705 0.00297606 6.066 -1.20322 -6.39731 
2192 0.000972032 0.0014108 0.00239557 6.1017 -1.21702 -6.40027 
2224 0.000528841 0.00100389 0.00101677 6.12401 -1.23119 -6.40158 
2256 0.000395907 0.00061898 0.0005419 6.13127 -1.23864 -6.40581 
2288 0.00010325 -0.00038452 -0.00283804 6.11309 -1.23055 -6.41204 
2320 0.00027875 -0.00031835 -0.0055444 6.08834 -1.22334 -6.41295 
2576 0.000387532 -5.515e-05 0.00186504 5.92336 -1.14109 -6.36147 
2608 -0.000188344 0.000697798 0.00116741 5.9364 -1.14386 -6.36852 
2640 0.000468626 0.00109265 0.00109295 5.96376 -1.14705 -6.37016 
2672 0.00062699 0.00111248 7.389e-05 5.98779 -1.15793 -6.37335 
2704 0.00051891 0.00089529 -0.00022448 6.00365 -1.16424 -6.37688 
2736 0.00041452 0.00132737 -0.00107012 6.02222 -1.17468 -6.37864 
2768 0.00051326 0.00081719 -0.00126593 6.03896 -1.18087 -6.38222 
2800 0.00030907 0.00076687 -0.00161802 6.04475 -1.18959 -6.39374 
2832 -0.00010029 -6.355e-06 -0.00124176 6.0386 -1.19504 -6.3923 
3088 -0.000824048 0.000175828 -0.0053867 5.99114 -1.1551 -6.30705 
3120 -0.000972456 0.00123281 -0.00490156 6.02982 -1.12528 -6.31308 
3152 -0.000340728 0.00146648 -0.00562266 6.06308 -1.10514 -6.32292 
3184 -0.000295378 0.00098923 -0.00489183 6.08701 -1.09875 -6.32745 
3216 0.00071592 0.00015996 -0.00451638 6.0944 -1.09999 -6.33506 
3248 0.000738367 -0.00021763 -0.0041929 6.08161 -1.12162 -6.3399 
3280 0.00132812 -0.0005785 -0.00371933 6.06234 -1.15169 -6.34756 
3312 0.00113056 -0.00026631 -0.00320635 6.04117 -1.1874 -6.35493 
3344 0.00031676 -0.00017106 -0.00174912 6.01522 -1.21591 -6.35953 
3600 -0.00199206 0.00104208 -0.0085212 6.0072 -1.17565 -6.30953 
3632 -0.00087408 0.000804945 -0.0061305 6.03667 -1.14654 -6.32861 
3664 -0.00053676 0.00064399 -0.00575139 6.0476 -1.13558 -6.33811 
3696 -0.00088674 0.000765498 -0.00598409 6.05247 -1.12958 -6.34045 
3728 0.00105008 -0.00065008 -0.00586203 6.04406 -1.13701 -6.35091 
3760 0.000472218 5.425e-05 -0.00427263 6.03646 -1.14922 -6.3557 
3792 0.00064109 -0.00010049 -0.00329576 6.02393 -1.16876 -6.36574 
3824 0.0005225 -1.007e-05 -0.00310834 6.01137 -1.19332 -6.37504 
3856 0.00038697 -0.0004707 -0.00206108 5.99928 -1.21093 -6.37812 
4112 -0.00091383 -0.000628218 0.011354 6.06464 -1.12222 -6.26777 
4144 -0.000640115 -0.00032804 0.0056638 6.06524 -1.11511 -6.28839 
4176 -0.00011954 -0.00017121 0.00378545 6.05726 -1.11813 -6.29958 
4208 0.00029817 -0.00017703 0.00383523 6.05059 -1.13573 -6.30735 
4240 2.622e-05 -0.0002118 0.00297003 6.04093 -1.15438 -6.31602 
4272 0.00074724 -0.00022134 0.00225921 6.0309 -1.17331 -6.32208 
4304 0.0007565 -0.00042687 0.0012832 6.01748 -1.20086 -6.33062 
4336 0.000702002 -0.00024628 0.0013507 6.00422 -1.22706 -6.34273 
4368 0.00051682 -0.000601794 -0.00220796 5.99731 -1.249 -6.35013 
4624 -0.00104453 0.000340395 -0.00676863 6.50265 -1.60184 -6.78471 
4656 -0.00129101 0.000519066 -0.00464688 6.51674 -1.56474 -6.79319 
4688 -0.00199876 1.2402e-05 -0.00485542 6.51739 -1.50804 -6.8064 
4720 -0.00243817 0.000202156 -0.00475294 6.51646 -1.43735 -6.8161 
4752 -0.00292705 0.00010268 -0.0044127 6.50893 -1.34819 -6.82515 
4784 -0.00268273 -1.544e-06 -0.00240205 6.506 -1.25619 -6.83777 
4816 -0.00236176 0.000322822 -0.0016795 6.49932 -1.16617 -6.84719 
4848 -0.00177614 0.000591453 -0.00283466 6.49878 -1.0855 -6.85926 
4880 -0.0022862 -5.8996e-05 -0.00412244 6.49852 -1.0099 -6.87655 
5136 -0.00197311 -0.00175353 -0.00466957 6.60913 -1.61407 -6.79316 
5168 -0.00166469 -0.00062783 -0.00251791 6.58736 -1.56284 -6.79747 
5200 -0.00256 -0.000739789 -0.00294863 6.56418 -1.49498 -6.80868 
5232 -0.00266747 -0.000543945 -0.00250992 6.5436 -1.4101 -6.81606 
5264 -0.00282705 -0.000439953 -0.00121766 6.52345 -1.32375 -6.82084 
5296 -0.00280057 -0.000295826 -0.00162626 6.50513 -1.23205 -6.83044 
5328 -0.00249448 -7.0574e-05 -6.13e-05 6.49236 -1.14801 -6.83835 
5360 -0.00216009 -9.3438e-05 -0.000305338 6.47636 -1.06883 -6.85 
5392 -0.00152409 0.00010139 0.000312535 6.47041 -1.01118 -6.86457 
5648 -0.00204177 -0.0026025 -0.00220545 6.67325 -1.591 -6.73098 
5680 -0.00198702 -0.00135243 -0.0018964 6.63131 -1.53751 -6.73682 
5712 -0.00249635 -0.00118874 -0.00211133 6.59243 -1.47331 -6.74369 
5744 -0.00290586 -0.00077772 -0.00132135 6.56429 -1.38542 -6.75178 
5776 -0.00304201 -0.000542655 -0.00056335 6.52933 -1.29385 -6.75966 
5808 -0.0028796 -0.000166788 -0.000315575 6.51699 -1.20326 -6.76459 
5840 -0.00246405 -0.000279882 0.000388771 6.49378 -1.12052 -6.77016 
5872 -0.00224058 -0.0002431 0.00157607 6.4701 -1.05031 -6.78321 
5904 -0.00130462 -0.00102331 0.00360126 6.45026 -0.998552 -6.792 
65552 -0.00106234 0.000924698 0.00389787 6.24115 -1.40275 -6.99068 
65584 -0.000591181 0.00103233 0.00311058 6.27699 -1.37128 -6.99792 
65616 -0.000680447 0.000679505 0.00327147 6.30574 -1.34901 -7.00689 
65648 -0.000459913 0.000809657 0.0024618 6.32869 -1.33086 -7.00722 
65680 -0.000761592 0.000992658 0.00242948 6.35975 -1.31224 -7.01317 
65712 -0.000461844 0.000731125 0.00168121 6.38849 -1.29092 -7.01745 
65744 -0.000372797 0.000381887 0.000824246 6.40433 -1.27724 -7.02303 
65776 -0.000579143 6.02608e-05 0.00045032 6.41623 -1.26182 -7.0304 
65808 -0.000251546 0.000273506 0.000263235 6.43086 -1.24992 -7.03451 
66064 -5.89734e-05 0.000110538 0.00437921 6.13308 -1.46419 -7.04941 
66096 0.000350374 0.000509637 0.0032933 6.13889 -1.46988 -7.05512 
66128 -7.9629e-05 0.000555322 0.00225918 6.15695 -1.47028 -7.06149 
66160 -0.000288886 0.000720883 0.00157314 6.18145 -1.46379 -7.06437 
66192 -0.000394053 0.00104475 0.00124816 6.21106 -1.45526 -7.06678 
66224 -0.00106465 0.00137902 0.000291007 6.24827 -1.43157 -7.06945 
66256 -0.00111327 0.00094975 0.000495679 6.29128 -1.39431 -7.07154 
66288 -0.00146855 0.00113429 -0.00059821 6.32571 -1.35471 -7.07703 
66320 -0.00214864 0.00136858 -0.00123894 6.3732 -1.30152 -7.08113 
66576 -0.000576046 0.000483916 0.00439729 6.07813 -1.50593 -6.9104 
66608 -0.000502898 0.000787325 0.00340202 6.09957 -1.48574 -6.91566 
66640 -0.00078385 0.000796971 0.00228775 6.12689 -1.46106 -6.92064 
66672 -0.00103892 0.00075902 0.00195428 6.15183 -1.43265 -6.92574 
66704 -0.00116332 0.000973911 0.00106892 6.18415 -1.39528 -6.92801 
66736 -0.00135398 0.00148716 0.000396033 6.22066 -1.35632 -6.93314 
66768 -0.00128909 0.00172806 -0.000316085 6.27296 -1.31378 -6.93865 
66800 -0.00099401 0.00172649 -0.00106518 6.3293 -1.27872 -6.94253 
66832 -0.00123531 0.00187599 -0.00163057 6.38853 -1.24367 -6.94514 
67088 -0.000381735 0.000842754 0.00605104 6.0407 -1.56519 -7.04608 
67120 -0.00139912 0.0013522 0.00524542 6.06682 -1.51705 -7.04744 
67152 -0.00166692 0.00159871 0.00370835 6.10739 -1.46421 -7.04852 
67184 -0.00132711 0.00185848 0.00344786 6.15533 -1.41171 -7.04643 
67216 -0.00139195 0.00192424 0.00197278 6.21645 -1.35943 -7.04852 
67248 -0.00117221 0.00172369 0.00114937 6.27114 -1.31463 -7.05084 
67280 -0.00137352 0.00134406 0.00070546 6.32034 -1.26838 -7.05358 
67312 -0.000741361 0.00110958 3.8982e-05 6.36153 -1.23218 -7.05741 
67344 -0.00098985 0.000941422 -0.00109949 6.40008 -1.20541 -7.05921 
67600 0.00037718 -0.00048835 -0.012295 6.21096 -1.15911 -6.36178 
67632 0.00074786 0.00021919 -0.0121905 6.20481 -1.17961 -6.36866 
67664 0.00057591 4.32e-06 -0.0113886 6.20757 -1.2019 -6.37279 
67696 0.00041017 0.00016847 -0.0108158 6.21102 -1.22331 -6.37316 
67728 0.00016908 -0.00027391 -0.0096331 6.21189 -1.2328 -6.37751 
67760 -0.000209269 -0.00042015 -0.0083593 6.20443 -1.23483 -6.37948 
67792 0.00010104 -0.00043705 -0.0075146 6.19056 -1.23188 -6.38526 
67824 -0.000174133 -0.00034013 -0.0053281 6.1794 -1.23323 -6.39192 
67856 0.000254863 -0.00043852 -0.0038822 6.16508 -1.22721 -6.39262 
68112 0.0010794 -0.00112596 -0.0138929 6.15944 -0.960546 -6.41599 
68144 0.000694846 -0.00078147 -0.0135223 6.13259 -0.987694 -6.42296 
68176 0.00084619 -0.000573165 -0.0115044 6.1122 -1.00829 -6.42651 
68208 0.000764369 -9.9868e-05 -0.00970044 6.10192 -1.02935 -6.42659 
68240 0.000794805 0.000201518 -0.0085636 6.10721 -1.05117 -6.43235 
68272 0.000777573 0.000331176 -0.00783158 6.11379 -1.07568 -6.43106 
68304 0.000723148 9.67e-06 -0.00640115 6.11966 -1.09632 -6.43269 
68336 0.00107203 0.000432895 -0.00526322 6.1255 -1.12019 -6.43816 
68368 0.00132991 0.00029091 -0.0040456 6.13642 -1.1507 -6.43993 
68624 0.0012344 -0.00144136 -0.0154599 6.01056 -0.811793 -6.31996 
68656 0.00099925 -0.000817623 -0.0142431 5.97313 -0.850447 -6.32427 
68688 0.00126828 -0.00016919 -0.0125105 5.95961 -0.883432 -6.32536 
68720 0.00143282 0.000611638 -0.010697 5.96563 -0.927278 -6.33126 
68752 0.00140453 0.000798415 -0.00898949 5.99073 -0.972152 -6.33178 
68784 0.00121877 0.000869242 -0.00743132 6.01543 -1.01476 -6.32624 
68816 0.00111738 0.000687947 -0.00535069 6.03981 -1.0529 -6.32946 
68848 0.00113023 0.00084929 -0.00454873 6.06455 -1.08448 -6.33403 
68880 0.00086856 0.00059544 -0.00214903 6.08605 -1.11604 -6.33372 
69136 0.00191589 -0.00115741 -0.0125854 5.83313 -0.760313 -6.34888 
69168 0.00151017 -0.000846166 -0.0113975 5.80505 -0.815619 -6.35101 
69200 0.00160945 -4.4487e-05 -0.00951594 5.79102 -0.863017 -6.34778 
69232 0.00155819 0.000771061 -0.0084582 5.80505 -0.91165 -6.35251 
69264 0.0015015 0.00113134 -0.00708646 5.83556 -0.953265 -6.35174 
69296 0.00127715 0.00142563 -0.00564341 5.8762 -0.997068 -6.34811 
69328 0.00160208 0.00178193 -0.00437746 5.92523 -1.0402 -6.34802 
69360 0.00155934 0.00172546 -0.00280028 5.97541 -1.08477 -6.35065 
69392 0.00137164 0.00166797 -0.00131656 6.02517 -1.12453 -6.34931 
69648 0.00180029 -0.00109703 -0.014463 5.75674 -0.764 -6.4308 
69680 0.00184849 -0.000299145 -0.0133598 5.72687 -0.825566 -6.43389 
69712 0.00197148 0.00052017 -0.0121911 5.72894 -0.882744 -6.44045 
69744 0.0013243 0.00114664 -0.0102467 5.75414 -0.933877 -6.44225 
69776 0.00094626 0.00159037 -0.0084629 5.79427 -0.965028 -6.44612 
69808 0.00113967 0.00137868 -0.0069054 5.83696 -0.997268 -6.45035 
69840 0.00152854 0.00154349 -0.0053384 5.88469 -1.03248 -6.45164 
69872 0.00129432 0.00195275 -0.00378616 5.94008 -1.07285 -6.45602 
69904 0.00132931 0.001532 -0.00233286 5.99445 -1.11024 -6.45992 
70160 0.00175041 0.000126933 -0.0099354 5.5812 -0.853751 -6.30996 
70192 0.00263038 0.00036404 -0.00962217 5.58609 -0.932657 -6.31661 
70224 0.00224967 0.00116476 -0.0090653 5.60301 -1.0054 -6.322 
70256 0.00168157 0.00125807 -0.0076294 5.6386 -1.06428 -6.32628 
70288 0.00151457 0.00178549 -0.0067531 5.68178 -1.11182 -6.3338 
70320 0.00088659 0.00202307 -0.00554593 5.74094 -1.14869 -6.3367 
70352 0.00088198 0.00261485 -0.0044184 5.81127 -1.17434 -6.34145 
70384 0.00045596 0.00302512 -0.00376724 5.8947 -1.19317 -6.34682 
70416 0.000144159 0.00313655 -0.00305879 5.98283 -1.19939 -6.35324 
70672 0.00223357 0.00021942 -0.0112302 5.53453 -0.916503 -6.31059 
70704 0.00180277 0.00117793 -0.0103548 5.56456 -0.972937 -6.31899 
70736 0.00140562 0.00174102 -0.0094262 5.60957 -1.02197 -6.32544 
70768 0.00113416 0.00209635 -0.0088677 5.66832 -1.06087 -6.33124 
70800 0.00105931 0.00216093 -0.0081625 5.72924 -1.09162 -6.34094 
70832 0.00084285 0.00226263 -0.0066343 5.79677 -1.12106 -6.34196 
70864 0.00064787 0.00245248 -0.0053205 5.86589 -1.14724 -6.34843 
70896 0.000664209 0.00260976 -0.0044803 5.94262 -1.16657 -6.35701 
70928 5.188e-05 0.00258969 -0.0029446 6.01965 -1.1797 -6.36498 
71184 0.00179421 0.00160428 -0.0014188 5.44877 -1.0293 -6.27351 
71216 0.00138771 0.00173362 -0.0018455 5.50569 -1.08354 -6.28921 
71248 0.00086956 0.00224242 -0.0022305 5.56718 -1.12018 -6.3005 
71280 0.00058305 0.00241645 -0.00230095 5.63605 -1.14762 -6.30874 
71312 9.774e-05 0.00267379 -0.0018262 5.70837 -1.15385 -6.31953 
71344 0.000171425 0.00252271 -0.00259678 5.78743 -1.16017 -6.32536 
71376 0.000138785 0.00236652 -0.00280812 5.8611 -1.16583 -6.3325 
71408 8.0768e-05 0.00245375 -0.00268428 5.93376 -1.16855 -6.34537 
71440 0.00023113 0.00225172 -0.00284189 6.00521 -1.17407 -6.35327 
71696 -0.000931033 -4.2522e-05 -0.00111803 6.25002 -1.38318 -6.89372 
71728 -0.000768051 0.000348719 -0.00067683 6.26199 -1.36341 -6.90484 
71760 -0.00110898 0.000277334 -0.00110004 6.27345 -1.33617 -6.91735 
71792 -0.00120715 0.000394051 -0.0009614 6.28888 -1.30298 -6.92467 
71824 -0.00135461 0.000365027 -0.00114656 6.30081 -1.26418 -6.93329 
71856 -0.00119227 0.000455678 -0.00132857 6.3193 -1.22983 -6.9413 
71888 -0.00106887 0.000826399 -0.00142757 6.34147 -1.19574 -6.94925 
71920 -0.00105188 0.000961933 -0.00180751 6.37104 -1.16452 -6.96244 
71952 -0.000598545 0.00114238 -0.00213984 6.4058 -1.14213 -6.97243 
72208 0.000275968 0.00149368 -7.89e-05 6.20206 -1.49062 -6.84217 
72240 0.000139407 0.00104088 -0.0008784 6.25002 -1.49471 -6.85364 
72272 -0.000523977 0.00105462 -0.00091279 6.28697 -1.49107 -6.86468 
72304 -0.000814168 0.00102831 -0.00108646 6.32505 -1.47203 -6.87498 
72336 -0.00136708 0.00113805 -0.00089175 6.35758 -1.4362 -6.88633 
72368 -0.0013864 0.000819743 -0.00141037 6.3909 -1.39028 -6.89216 
72400 -0.00152591 0.000799774 -0.00126215 6.41945 -1.34655 -6.90088 
72432 -0.00158595 0.000661229 -0.0013264 6.44001 -1.29616 -6.91399 
72464 -0.00191533 0.000201426 -0.00149735 6.45298 -1.24446 -6.92363 
72720 -0.00145162 0.00121765 -0.00168019 6.24956 -1.436 -7.05152 
72752 -0.00115593 0.000936855 -0.00171986 6.28371 -1.39595 -7.0652 
72784 -0.00140863 0.000125123 -0.00183517 6.3083 -1.36145 -7.07536 
72816 -0.000795226 0.000520267 -0.00190223 6.31981 -1.32625 -7.08198 
72848 -0.000535052 0.000314506 -0.00151219 6.33895 -1.31021 -7.09084 
72880 -0.000892127 0.000695094 -0.00127031 6.35458 -1.28682 -7.09723 
72912 -0.00116327 0.0005069 -0.000544765 6.37183 -1.25521 -7.10459 
72944 -0.00103606 0.000152396 -0.00148922 6.39545 -1.22607 -7.11622 
72976 -0.0006231 0.000473916 4.65801e-06 6.40875 -1.20564 -7.12385 
73232 -0.00125294 5.3643e-05 0.000846179 6.24191 -1.42913 -6.96883 
73264 -0.00080163 0.000620369 1.8274e-05 6.25516 -1.39526 -6.97629 
73296 -0.000763299 0.000411181 0.000249153 6.27419 -1.36911 -6.98772 
73328 -0.000724604 0.000723816 -0.000288697 6.29721 -1.34241 -6.99277 
73360 -0.000694782 0.000926919 -0.000297269 6.32486 -1.32196 -6.99819 
73392 -0.000724931 0.000815171 -0.000246019 6.35287 -1.29747 -7.00521 
73424 -0.000736784 0.000668872 -0.000181078 6.37557 -1.27682 -7.01121 
73456 -0.000666213 0.000572295 -0.000341599 6.39455 -1.25532 -7.02344 
73488 -0.000583803 0.000446465 0.00030584 6.41357 -1.24119 -7.02739 
131088 -0.000227587 0.0012666 0.00127245 5.90459 -1.29712 -7.02744 
131120 -0.000400414 0.00192112 0.0026091 5.93447 -1.28394 -7.03715 
131152 -0.000333231 9.27501e-05 -0.000227067 5.97395 -1.27209 -7.0437 
131184 -0.000353688 0.00227005 -0.000336543 6.00645 -1.26218 -7.04707 
131216 -0.000319705 0.00129162 0.000817964 6.04781 -1.25443 -7.05251 
131248 -6.713e-06 0.00087728 0.000902303 6.08909 -1.24421 -7.05258 
131280 -0.000160645 0.00111259 -0.0012321 6.14211 -1.23867 -7.05862 
131312 -0.000376971 0.00218642 -0.000123683 6.19477 -1.2357 -7.06406 
131344 3.1779e-05 0.00207916 -0.00248862 6.25658 -1.24151 -7.06214 
131600 7.5098e-05 0.00105606 0.00340544 5.83325 -1.33673 -7.00807 
131632 0.00072264 0.00109223 0.00254738 5.85235 -1.35347 -7.0126 
131664 -0.000177224 0.00149396 0.00181703 5.87836 -1.37253 -7.01998 
131696 -0.000303685 0.00186159 -0.00023536 5.92355 -1.36763 -7.02156 
131728 -0.000648234 0.00131855 0.000658342 5.97463 -1.36273 -7.02621 
131760 -0.000415597 0.00181532 0.0007358 6.03752 -1.3416 -7.02745 
131792 -0.00101378 0.00232637 0.000604512 6.10142 -1.32417 -7.02875 
131824 -0.00101547 0.00216367 5.02996e-06 6.17426 -1.29708 -7.03293 
131856 -0.00081967 0.00179309 -0.00201689 6.25518 -1.27026 -7.0294 
132112 -0.000175482 0.00157586 0.00456396 5.80036 -1.3347 -6.96228 
132144 0.00045797 0.00080945 0.00070819 5.85112 -1.32535 -6.97208 
132176 -0.000327899 0.00229972 0.00146732 5.91064 -1.31948 -6.9735 
132208 -0.000576074 0.0023362 0.00133833 5.96965 -1.30957 -6.97677 
132240 -0.000141848 0.00177924 2.6088e-05 6.03548 -1.302 -6.97683 
132272 -0.000588452 0.0017882 -0.000909185 6.09595 -1.29076 -6.98135 
132304 -0.000777918 0.00209391 0.00105428 6.15902 -1.2801 -6.98306 
132336 -0.000644307 0.00170206 -0.00135112 6.21863 -1.26429 -6.98445 
132368 -0.000751407 0.00284799 -0.00396894 6.27651 -1.25651 -6.97985 
132624 -0.00194306 0.00207987 0.0055691 5.78697 -1.38675 -6.93869 
132656 -0.000764298 0.00146768 0.00163654 5.84191 -1.36608 -6.94748 
132688 -0.00133219 0.00286082 0.00321966 5.90226 -1.35309 -6.949 
132720 -0.00077541 0.00175894 9.0519e-05 5.96613 -1.33061 -6.9522 
132752 -0.000803246 0.00185725 -7.4268e-05 6.03351 -1.30703 -6.95269 
132784 -0.00113045 0.0017307 0.00110138 6.09269 -1.28093 -6.95343 
132816 -0.00092799 0.00179344 -0.00127153 6.15971 -1.25412 -6.95366 
132848 -0.000342493 0.00167071 -0.00240766 6.22668 -1.2306 -6.95842 
132880 -0.00119975 0.00218061 -0.00303618 6.29159 -1.20879 -6.95146 
133136 0.000950291 0.00142404 0.00213375 5.79884 -1.47326 -6.80722 
133168 -2.1467e-05 0.0019359 0.00077813 5.8376 -1.47541 -6.81033 
133200 -9.2431e-05 0.00232388 0.00109626 5.89055 -1.46576 -6.81017 
133232 -0.00106138 0.00212662 -0.000286603 5.9463 -1.44038 -6.80855 
133264 -0.00079325 0.00203658 0.00035324 6.01121 -1.40219 -6.80815 
133296 -0.00207304 0.00278921 0.000510433 6.07229 -1.36227 -6.8094 
133328 -0.00246739 0.0025473 0.00120955 6.13894 -1.32338 -6.80653 
133360 -0.00233875 0.00218407 -0.000151728 6.20234 -1.26596 -6.80995 
133392 -0.00188314 0.00391612 4.866e-05 6.2711 -1.20022 -6.80625 
133648 -0.0002673 -0.000119449 -0.0072153 6.00859 -1.25732 -6.30059 
133680 -0.00096717 0.00076698 -0.00723043 6.00822 -1.24747 -6.30099 
133712 0.00054907 0.00033255 -0.00717116 6.02493 -1.24333 -6.30317 
133744 -6.06e-06 0.00066783 -0.0082625 6.04652 -1.24696 -6.30637 
133776 -5.773e-05 0.00150723 -0.0077872 6.07898 -1.24636 -6.3099 
133808 0.000565794 0.00160354 -0.0092102 6.11552 -1.26694 -6.31417 
133840 0.000459997 0.000864731 -0.00613688 6.14706 -1.28188 -6.31726 
133872 0.00011789 0.000396059 -0.00816805 6.16606 -1.2773 -6.31974 
133904 -0.00059476 0.00054273 -0.0060605 6.18537 -1.2643 -6.3197 
134160 -0.00143938 -0.0011843 -0.0094504 6.01059 -1.15495 -6.34102 
134192 -3.793e-05 -0.000230464 -0.0099971 5.994 -1.14629 -6.34137 
134224 9.59558e-05 0.0008044 -0.0090814 5.99155 -1.13375 -6.34571 
134256 -0.0001272 0.000413896 -0.0103087 6.00303 -1.12873 -6.34601 
134288 -5.7317e-05 0.00115028 -0.009162 6.02544 -1.12445 -6.34926 
134320 -0.00017738 0.00081245 -0.008579 6.05631 -1.12321 -6.34724 
134352 0.000269844 0.00098709 -0.0092984 6.08608 -1.12704 -6.34419 
134384 -3.587e-05 0.00105811 -0.0094623 6.11182 -1.13468 -6.35245 
134416 0.00079939 0.00118644 -0.00687103 6.14539 -1.15596 -6.34846 
134672 0.00037699 0.000276895 -0.0084803 5.97278 -0.994052 -6.30802 
134704 -0.00065762 1.78201e-06 -0.0084575 5.97045 -0.988344 -6.30413 
134736 0.000149449 0.000130177 -0.0072644 5.9641 -0.977333 -6.30387 
134768 -5.81995e-06 -4.656e-05 -0.0080103 5.96852 -0.976931 -6.30528 
134800 0.00034489 0.00017862 -0.0069972 5.98124 -0.98327 -6.30467 
134832 0.000835026 0.00114098 -0.0088541 5.99811 -0.998777 -6.302 
134864 0.00060254 0.000673522 -0.007734 6.02554 -1.01882 -6.29867 
134896 0.00155825 0.00158728 -0.0079782 6.05504 -1.04134 -6.30196 
134928 0.00133547 0.00117057 -0.0065219 6.07984 -1.06587 -6.29964 
135184 0.000663911 0.00012199 -0.0079604 5.81742 -0.938572 -6.31153 
135216 3.8235e-05 -0.00173182 -0.0078616 5.7997 -0.952591 -6.30862 
135248 0.000223962 -0.00045497 -0.0066532 5.7633 -0.955494 -6.30515 
135280 0.000711188 0.0005531 -0.0063431 5.7529 -0.966034 -6.31242 
135312 0.00101867 0.00211128 -0.0056553 5.8015 -0.99003 -6.311 
135344 0.0007688 0.0013745 -0.0058077 5.84355 -1.01858 -6.30957 
135376 0.00139756 0.00173913 -0.0051829 5.88655 -1.04804 -6.30839 
135408 0.00170794 0.00176188 -0.0047162 5.93242 -1.08214 -6.30744 
135440 0.00212984 0.0025004 -0.00388472 5.9718 -1.11283 -6.31576 
135696 0.000352384 -0.00140951 -0.0086762 5.72822 -0.932268 -6.31802 
135728 3.513e-05 -0.0002627 -0.00680992 5.71044 -0.948793 -6.31345 
135760 0.00041248 0.00067895 -0.0070352 5.70877 -0.958362 -6.31622 
135792 0.000372696 0.00123124 -0.0078501 5.72549 -0.97066 -6.31983 
135824 0.000482244 0.00064466 -0.00578046 5.75095 -0.978277 -6.32055 
135856 0.00019551 0.00105887 -0.00672854 5.78579 -0.992086 -6.32084 
135888 0.000473465 0.0013281 -0.0061066 5.82504 -1.00389 -6.32391 
135920 0.00016774 0.00152443 -0.00364152 5.87696 -1.0181 -6.32098 
135952 -0.000146702 0.00312256 -0.0046575 5.93527 -1.02777 -6.32457 
136208 0.00155031 -0.0010583 -0.00199102 5.66103 -0.947116 -6.30171 
136240 0.00066255 0.00014156 -0.0034657 5.66892 -0.975054 -6.30249 
136272 0.00091527 0.00100454 -0.0039567 5.68758 -0.994249 -6.30906 
136304 0.00064692 0.00025524 -0.0050091 5.71267 -1.01506 -6.31485 
136336 0.000596081 0.00123891 -0.0046375 5.74263 -1.02635 -6.32074 
136368 0.000241259 0.00157962 -0.0038197 5.77771 -1.03838 -6.32411 
136400 0.00063548 0.00140362 -0.0032514 5.82057 -1.04114 -6.32767 
136432 -3.668e-05 0.00215147 -0.0048466 5.86722 -1.04169 -6.33399 
136464 -0.000588745 0.00164064 -0.00245217 5.92047 -1.0262 -6.34153 
136720 -0.00132758 0.00088286 -0.0020222 5.65796 -1.00513 -6.29958 
136752 0.00085096 -0.00064519 -0.0019666 5.66923 -1.01411 -6.30572 
136784 3.94571e-05 0.00088305 2.653e-05 5.671 -1.0355 -6.31447 
136816 -0.00057174 0.00126533 0.0003531 5.70202 -1.03066 -6.32355 
136848 0.00031811 0.00103013 -0.0005107 5.73114 -1.02669 -6.33061 
136880 -4.998e-05 0.0012076 0.00075197 5.76625 -1.02637 -6.33891 
136912 -0.0003264 0.00162842 -0.00031274 5.80758 -1.02896 -6.34383 
136944 -3.124e-05 0.00178355 0.00206067 5.8577 -1.03078 -6.35252 
136976 0.00020029 0.00109189 0.00049394 5.90538 -1.03435 -6.36196 
137232 -0.00049382 0.0006004 -0.0011781 5.68398 -0.971959 -6.27574 
137264 0.000658096 -0.00010682 -0.0015901 5.70528 -0.971953 -6.27539 
137296 3.7e-05 0.00141112 -0.0015146 5.73329 -0.970728 -6.28323 
137328 -0.00080115 0.00131896 -0.0025993 5.77197 -0.962863 -6.29302 
137360 0.000286043 0.00087534 -0.0016781 5.80872 -0.958195 -6.30096 
137392 0.000481907 0.00110516 -0.0022848 5.84295 -0.965775 -6.30664 
137424 0.000662654 0.00073838 -0.0018081 5.8703 -0.977584 -6.31424 
137456 0.000589438 0.00053796 -0.00261241 5.89605 -0.996494 -6.32118 
137488 0.00096624 0.00048255 -0.00458684 5.91706 -1.01206 -6.33447 
137744 -0.00113738 0.00115761 -0.0039759 5.6391 -0.909443 -6.22536 
137776 1.952e-05 0.00013198 -0.00273657 5.67901 -0.877583 -6.23068 
137808 -0.000341272 0.00181619 -0.0059922 5.71115 -0.875547 -6.24069 
137840 -3.0796e-05 0.00125383 -0.0043979 5.74883 -0.884483 -6.25689 
137872 0.00023701 0.00150563 -0.0048514 5.78641 -0.889797 -6.27152 
137904 0.000460667 0.00116291 -0.0063965 5.82447 -0.902392 -6.28056 
137936 0.00060076 0.00126649 -0.00486259 5.85533 -0.925844 -6.28705 
137968 0.00207503 9.132e-05 -0.0071087 5.88408 -0.965285 -6.29573 
138000 0.00196745 0.00037735 -0.00536363 5.91155 -1.00875 -6.31159 
138256 0.00063148 0.00159446 -0.0033522 5.59551 -0.883832 -6.24352 
138288 -0.00025184 0.0001932 -0.00376012 5.61856 -0.895355 -6.25516 
138320 0.00031147 0.00091175 -0.004853 5.64089 -0.899085 -6.27206 
138352 0.000492405 0.00113392 -0.00501148 5.66761 -0.906555 -6.28525 
138384 2.471e-05 0.00136895 -0.00368697 5.70181 -0.914937 -6.29775 
138416 0.00121897 0.00179213 -0.00452354 5.74577 -0.933519 -6.30596 
138448 0.00114895 0.00141536 -0.0050954 5.78829 -0.967242 -6.31447 
138480 0.0025342 0.00127683 -0.0060638 5.83083 -1.01595 -6.32946 
138512 0.00170917 0.0019685 -0.0064394 5.87264 -1.06871 -6.33904 
138768 -0.000107236 0.00128036 -0.00193457 5.89487 -1.18022 -6.71334 
138800 -0.000326421 0.00105847 -0.00360054 5.9291 -1.15865 -6.7318 
138832 -0.00128201 0.00091022 -0.00441092 5.96139 -1.1289 -6.74468 
138864 -0.0011279 0.00118631 -0.00429628 6.00285 -1.09467 -6.75617 
138896 -0.00163486 0.00140063 -0.00500348 6.04618 -1.05767 -6.76776 
138928 -0.00131702 0.00080788 -0.00441059 6.08764 -1.02229 -6.77593 
138960 -0.00090252 0.0006877 -0.00426841 6.12448 -1.0036 -6.78352 
138992 0.000732546 0.00179592 -0.0048199 6.16367 -1.00568 -6.79856 
139024 0.00096751 0.00192538 -0.00388415 6.21382 -1.02902 -6.8046 
139280 0.000468018 0.00160063 -0.00199784 5.89798 -1.2738 -6.87952 
139312 -0.000154221 0.00171126 -0.00184661 5.94604 -1.26842 -6.89948 
139344 -0.00094066 0.00087467 -0.00123525 5.98079 -1.25865 -6.90667 
139376 -0.000715616 0.0009113 -0.00107092 6.01483 -1.23465 -6.9168 
139408 -0.000863992 0.0011781 -0.00102502 6.04456 -1.21029 -6.92964 
139440 -0.000976004 0.00089699 -0.0001486 6.08115 -1.18704 -6.93682 
139472 -0.00155902 0.00043813 -0.00104652 6.11539 -1.16148 -6.94344 
139504 0.000662649 0.0016747 -0.000947082 6.15779 -1.14356 -6.95547 
139536 -0.000738399 0.00165054 0.000580549 6.20388 -1.13303 -6.96172 
139792 -0.00149524 0.00037372 -0.00159074 5.90995 -1.2628 -6.91303 
139824 -0.000215208 0.00180632 0.000541274 5.96212 -1.25342 -6.93228 
139856 -0.000164703 0.00124256 0.000400059 6.00736 -1.25268 -6.94138 
139888 -0.00027746 0.00111866 0.000210247 6.04533 -1.23779 -6.95203 
139920 -0.000412473 0.00111592 0.000859041 6.07861 -1.22243 -6.96048 
139952 -0.000922946 0.00053703 -0.000849999 6.1138 -1.2024 -6.96982 
139984 0.000384879 0.00176147 0.000352143 6.14777 -1.18839 -6.97636 
140016 -0.000164936 0.00135106 0.000916902 6.17676 -1.17652 -6.98921 
140048 -0.000793495 0.000835211 0.00041689 6.21479 -1.17678 -6.99322 
140304 -0.00060509 0.000643867 0.000164475 5.93112 -1.27876 -6.98479 
140336 -0.000537731 0.0010531 -0.000953383 5.96003 -1.26675 -7.00614 
140368 -0.000998607 0.000677613 -0.0001323 5.98411 -1.25754 -7.01876 
140400 -0.000640264 0.00037698 -9.9167e-05 6.01499 -1.24006 -7.0256 
140432 -0.000928024 0.00114999 -0.000525162 6.03818 -1.22262 -7.03572 
140464 -0.000715804 0.00126315 -0.000146985 6.06312 -1.20422 -7.03861 
140496 -0.000943369 0.00115604 0.00106075 6.09888 -1.19096 -7.04328 
140528 -0.000421113 0.00143302 -0.0023812 6.13196 -1.18242 -7.05203 
140560 0.000308624 0.00232431 -0.00067153 6.19668 -1.18287 -7.05395 
140816 0.000718595 0.00136003 -0.00237492 5.91288 -1.27894 -7.05036 
140848 9.8989e-05 0.000167378 0.00011886 5.94501 -1.27916 -7.05406 
140880 -0.000205296 0.00061759 -0.00187281 5.98334 -1.28185 -7.06778 
140912 0.000219511 0.00108878 -0.00267778 6.02035 -1.27411 -7.07175 
140944 -0.000132047 0.00109188 -0.00035248 6.05428 -1.26898 -7.07362 
140976 -9.3234e-05 0.00135705 -0.00129917 6.09153 -1.26232 -7.08289 
141008 0.000126951 0.00146985 -1.2645e-05 6.12813 -1.25123 -7.08646 
141040 -0.000564605 0.00136419 0.00030925 6.17166 -1.24739 -7.08861 
141072 0.000457764 0.00225394 0.000761895 6.2267 -1.24333 -7.09377 
16974336 0 0 0 -1.47912 0.0162884 -0.358507 
16975360 0 0 0 -1.37404 -0.373466 -0.033344 
16976384 0 0 0 -1.7202 -0.994669 -0.11747 
16977408 0 0 0 -0.993473 -1.42989 -0.279994 
16978432 0 0 0 1.02058 -1.69732 -0.650643 
16979456 0 0 0 1.38848 -1.00178 -0.481203 
16980480 0 0 0 1.38026 -0.845565 -0.437255 
16981504 0 0 0 2.2822 -0.244029 -0.387474 
16982528 0 0 0 2.17739 0.213263 -0.323144 
16983552 0 0 0 1.99251 1.29166 -0.213421 
16984576 0 0 0 -0.382191 0.212896 -0.619663 
16985600 0 0 0 -0.837034 0.250558 -0.448873 
16990720 0 0 0 -1.17444 0.037491 -0.358507 
16991744 0 0 0 -1.06582 -0.255273 -0.033344 
16992768 0 0 0 -1.46833 -0.839414 -0.11747 
16993792 0 0 0 -0.738599 -1.1573 -0.279994 
16994816 0 0 0 1.12714 -1.46665 -0.650643 
16995840 0 0 0 1.47859 -0.966944 -0.481203 
16996864 0 0 0 1.67652 -0.938417 -0.437255 
16997888 0 0 0 2.46708 -0.311163 -0.387474 
16998912 0 0 0 2.41649 0.171994 -0.323144 
16999936 0 0 0 2.14244 0.99521 -0.213421 
17000960 0 0 0 -0.119514 0.131564 -0.619663 
17001984 0 0 0 -0.721861 0.401102 -0.448873 
17007104 0 0 0 -1.58823 -0.0785916 -0.358507 
17008128 0 0 0 -1.65099 -0.512299 -0.033344 
17009152 0 0 0 -1.81202 -1.03764 -0.11747 
17010176 0 0 0 -1.18134 -1.44021 -0.279994 
17011200 0 0 0 0.890112 -1.70524 -0.650643 
17012224 0 0 0 1.29426 -1.01567 -0.481203 
17013248 0 0 0 1.11788 -0.739255 -0.437255 
17014272 0 0 0 1.91802 -0.200049 -0.387474 
17015296 0 0 0 1.89731 0.339166 -0.323144 
17016320 0 0 0 1.72045 1.40164 -0.213421 
17017344 0 0 0 -0.760539 0.596733 -0.619663 
17018368 0 0 0 -1.05448 0.166187 -0.448873 
17023488 0 0 0 -1.56949 -0.202609 -0.358507 
17024512 0 0 0 -1.81846 -0.651143 -0.033344 
17025536 0 0 0 -1.80185 -1.00827 -0.11747 
17026560 0 0 0 -1.32815 -1.44502 -0.279994 
17027584 0 0 0 0.784078 -1.65205 -0.650643 
17028608 0 0 0 1.2311 -1.03555 -0.481203 
17029632 0 0 0 0.88994 -0.702848 -0.437255 
17030656 0 0 0 1.40592 -0.221096 -0.387474 
17031680 0 0 0 1.77332 0.523372 -0.323144 
17032704 0 0 0 1.50163 1.32514 -0.213421 
17033728 0 0 0 -0.771421 0.191884 -0.619663 
17034752 0 0 0 -1.2077 0.065361 -0.448873 
17039872 0 0 0 -2.04795 -0.208732 -0.069283 
17040896 0 0 0 -1.55024 -0.554404 -0.0093832 
17041920 0 0 0 -1.2502 -1.06538 -0.106241 
17042944 0 0 0 -0.886084 -1.96575 -0.390068 
17043968 0 0 0 1.14374 -1.41631 -0.50255 
17044992 0 0 0 2.06861 -1.23968 -0.408606 
17046016 0 0 0 2.03075 -0.484381 -0.417454 
17047040 0 0 0 2.3767 0.107469 -0.650234 
17048064 0 0 0 2.25266 0.805656 -0.211014 
17049088 0 0 0 1.65514 1.24919 -0.011546 
17050112 0 0 0 -0.761908 0.557076 -0.579373 
17051136 0 0 0 -1.09744 0.0151302 -0.544494 
17056256 0 0 0 -1.82432 -0.080083 -0.069283 
17057280 0 0 0 -1.35894 -0.47324 -0.0093832 
17058304 0 0 0 -1.00157 -0.83796 -0.106241 
17059328 0 0 0 -0.648185 -1.49467 -0.390068 
17060352 0 0 0 1.27603 -1.39908 -0.50255 
17061376 0 0 0 2.11558 -1.20607 -0.408606 
17062400 0 0 0 2.2667 -0.546535 -0.417454 
17063424 0 0 0 2.57829 0.012182 -0.650234 
17064448 0 0 0 2.498 0.78632 -0.211014 
17065472 0 0 0 1.91367 1.13538 -0.011546 
17066496 0 0 0 -0.48467 0.513816 -0.579373 
17067520 0 0 0 -0.756963 0.0311531 -0.544494 
17072640 0 0 0 -2.06332 -0.331831 -0.069283 
17073664 0 0 0 -1.67305 -0.657671 -0.0093832 
17074688 0 0 0 -1.46521 -1.23924 -0.106241 
17075712 0 0 0 -1.03812 -2.04833 -0.390068 
17076736 0 0 0 1.03027 -1.37172 -0.50255 
17077760 0 0 0 1.85216 -1.17802 -0.408606 
17078784 0 0 0 1.7399 -0.395238 -0.417454 
17079808 0 0 0 2.32233 0.071116 -0.650234 
17080832 0 0 0 1.9116 0.772102 -0.211014 
17081856 0 0 0 1.39218 1.28386 -0.011546 
17082880 0 0 0 -0.982237 0.445468 -0.579373 
17083904 0 0 0 -1.43749 0.065008 -0.544494 
17089024 0 0 0 -2.03598 -0.440902 -0.069283 
17090048 0 0 0 -1.69585 -0.69664 -0.0093832 
17091072 0 0 0 -1.61239 -1.2711 -0.106241 
17092096 0 0 0 -1.14677 -1.95777 -0.390068 
17093120 0 0 0 0.90418 -1.3978 -0.50255 
17094144 0 0 0 1.54682 -1.08259 -0.408606 
17095168 0 0 0 1.48449 -0.36437 -0.417454 
17096192 0 0 0 2.32233 0.071116 -0.650234 
17097216 0 0 0 1.60593 0.683579 -0.211014 
17098240 0 0 0 1.20518 1.17334 -0.011546 
17099264 0 0 0 -1.09809 0.283254 -0.579373 
17100288 0 0 0 -1.48434 -0.060947 -0.544494 
17105408 0 0 0 -0.536788 -0.122765 -0.267466 
17106432 0 0 0 -1.56466 0.160512 -0.104618 
17107456 0 0 0 -1.6086 -0.239577 0.08762 
17108480 0 0 0 -1.34432 -0.378165 -0.123165 
17109504 0 0 0 -1.18756 -1.32641 -0.185361 
17110528 0 0 0 0.887078 -1.32033 -0.8473 
17111552 0 0 0 1.28583 -1.46039 -0.723238 
17112576 0 0 0 1.90211 -1.09534 -0.602761 
17113600 0 0 0 1.94215 -0.850292 -0.439951 
17114624 0 0 0 1.88077 -0.48091 -0.649047 
17115648 0 0 0 2.85392 0.35411 -0.237075 
17116672 0 0 0 2.39456 0.71147 -0.132595 
17117696 0 0 0 2.18435 0.95491 -0.159794 
17118720 0 0 0 1.63307 -5.05267 0.0173 
17119744 0 0 0 -0.85749 0.83298 -0.532714 
17120768 0 0 0 -0.81907 0.18322 -0.382986 
17121792 0 0 0 0.021728 -0.299635 -0.267466 
17122816 0 0 0 -1.37763 0.171669 -0.104618 
17123840 0 0 0 -1.62283 -0.320895 0.08762 
17124864 0 0 0 -1.29579 -0.581559 -0.123165 
17125888 0 0 0 -1.09281 -1.65771 -0.185361 
17126912 0 0 0 1.08928 -1.58778 -0.8473 
17127936 0 0 0 1.48946 -1.5873 -0.723238 
17128960 0 0 0 1.98929 -1.23394 -0.602761 
17129984 0 0 0 1.7972 -0.820032 -0.439951 
17131008 0 0 0 1.78826 -0.6054 -0.649047 
17132032 0 0 0 2.89985 0.25877 -0.237075 
17133056 0 0 0 2.4572 0.54502 -0.132595 
17134080 0 0 0 2.28428 0.1757 -0.159794 
17135104 0 0 0 3.51927 -2.26939 0.0173 
17136128 0 0 0 -0.44925 0.519202 -0.532714 
17137152 0 0 0 -0.54506 0.15278 -0.382986 
17138176 0 0 0 -1.12238 0.058755 -0.267466 
17139200 0 0 0 -1.42288 0.185215 -0.104618 
17140224 0 0 0 -1.45091 -0.054475 0.08762 
17141248 0 0 0 -1.65682 -0.448619 -0.123165 
17142272 0 0 0 -1.40918 -1.43924 -0.185361 
17143296 0 0 0 -1.16058 1.51033 -0.8473 
17144320 0 0 0 1.25428 -1.58172 -0.723238 
17145344 0 0 0 1.59784 -1.02425 -0.602761 
17146368 0 0 0 1.70957 -0.817192 -0.439951 
17147392 0 0 0 1.81443 -0.36359 -0.649047 
17148416 0 0 0 1.70171 -0.356513 -0.237075 
17149440 0 0 0 2.08951 0.57222 -0.132595 
17150464 0 0 0 1.9083 1.27519 -0.159794 
17151488 0 0 0 0.280873 -5.72916 0.0173 
17152512 0 0 0 -1.12727 0.87382 -0.532714 
17153536 0 0 0 -1.40427 0.45226 -0.382986 
17154560 0 0 0 -1.24912 0.026825 -0.267466 
17155584 0 0 0 -1.3247 0.164511 -0.104618 
17156608 0 0 0 -1.32636 0.042086 0.08762 
17157632 0 0 0 -1.78069 -0.405204 -0.123165 
17158656 0 0 0 -1.48413 -1.08285 -0.185361 
17159680 0 0 0 0.852448 -1.3127 -0.8473 
17160704 0 0 0 1.22073 -1.65771 -0.723238 
17161728 0 0 0 1.39199 -1.01117 -0.602761 
17162752 0 0 0 1.20077 -0.691732 -0.439951 
17163776 0 0 0 1.72015 -0.30214 -0.649047 
17164800 0 0 0 1.56959 -0.215485 -0.237075 
17165824 0 0 0 1.77011 0.32471 -0.132595 
17166848 0 0 0 1.55164 0.88884 -0.159794 
17167872 0 0 0 1.4739 -4.98474 0.0173 
17168896 0 0 0 -1.30946 0.95517 -0.532714 
17169920 0 0 0 -1.48054 0.39704 -0.382986 
17170944 0 0 0 -2.80547 -0.066625 0.449746 
17171968 0 0 0 -1.45933 -0.194362 -0.277969 
17172992 0 0 0 -1.9252 -0.70448 -0.917406 
17174016 0 0 0 -1.67329 -1.64127 -0.154626 
17175040 0 0 0 -0.945152 -0.97328 -0.418918 
17176064 0 0 0 1.84393 -2.90379 -0.321287 
17177088 0 0 0 1.65638 -1.50331 -0.746068 
17178112 0 0 0 1.59291 -0.91231 -0.635052 
17179136 0 0 0 2.65117 -0.50983 -0.56443 
17180160 0 0 0 2.62297 -0.11207 -0.848385 
17181184 0 0 0 2.80103 0.505332 -0.261795 
17182208 0 0 0 3.04595 2.19055 -0.0277501 
17183232 0 0 0 1.96733 1.84582 -0.57592 
17184256 0 0 0 -0.58811 0.707012 -0.838689 
17185280 0 0 0 -1.32497 0.70599 -0.596796 
17186304 0 0 0 -2.55101 0.6388 -0.318902 
17187328 0 0 0 -2.90797 -0.191162 0.449746 
17188352 0 0 0 -1.01351 -0.050095 -0.277969 
17189376 0 0 0 -1.61596 -0.47802 -0.917406 
17190400 0 0 0 -1.32758 -1.05866 -0.154626 
17191424 0 0 0 -0.736557 -0.47371 -0.418918 
17192448 0 0 0 1.87592 -2.68679 -0.321287 
17193472 0 0 0 1.23377 -1.04052 -0.746068 
17194496 0 0 0 1.01992 -0.665554 -0.635052 
17195520 0 0 0 2.96444 -0.49346 -0.56443 
17196544 0 0 0 2.35509 -0.396509 -0.848385 
17197568 0 0 0 2.76724 0.282872 -0.261795 
17198592 0 0 0 3.09795 1.77026 -0.0277501 
17199616 0 0 0 2.12283 1.65404 -0.57592 
17200640 0 0 0 -0.35575 0.501022 -0.838689 
17201664 0 0 0 -1.06965 0.6291 -0.596796 
17202688 0 0 0 -2.28903 0.56781 -0.318902 
17203712 0 0 0 -1.23147 0.174367 0.449746 
17204736 0 0 0 -1.98109 -0.343621 -0.277969 
17205760 0 0 0 -1.79724 -0.59104 -0.917406 
17206784 0 0 0 -1.77792 -1.50613 -0.154626 
17207808 0 0 0 -1.20862 -1.48092 -0.418918 
17208832 0 0 0 1.62626 -2.76172 -0.321287 
17209856 0 0 0 1.46359 -1.44486 -0.746068 
17210880 0 0 0 1.62613 -0.94364 -0.635052 
17211904 0 0 0 2.38279 -0.43372 -0.56443 
17212928 0 0 0 2.79555 -0.0633 -0.848385 
17213952 0 0 0 2.53685 0.506162 -0.261795 
17214976 0 0 0 2.61896 1.95093 -0.0277501 
17216000 0 0 0 1.97695 2.14491 -0.57592 
17217024 0 0 0 -0.93311 0.971962 -0.838689 
17218048 0 0 0 -1.49661 0.57314 -0.596796 
17219072 0 0 0 -2.74182 0.66588 -0.318902 
17220096 0 0 0 -0.728572 0.199577 0.449746 
17221120 0 0 0 -2.03969 -0.375205 -0.277969 
17222144 0 0 0 -1.79724 -0.59104 -0.917406 
17223168 0 0 0 -1.66608 -0.94534 -0.154626 
17224192 0 0 0 -1.39905 -1.8234 -0.418918 
17225216 0 0 0 1.36863 -2.32987 -0.321287 
17226240 0 0 0 1.07097 -1.13884 -0.746068 
17227264 0 0 0 1.38026 -0.84668 -0.635052 
17228288 0 0 0 1.72993 -0.41204 -0.56443 
17229312 0 0 0 2.79555 -0.0633 -0.848385 
17230336 0 0 0 2.55645 0.763422 -0.261795 
17231360 0 0 0 2.01078 1.01325 -0.0277501 
17232384 0 0 0 1.97695 2.14491 -0.57592 
17233408 0 0 0 -0.99451 0.689862 -0.838689 
17234432 0 0 0 -1.28535 0.17565 -0.596796 
17235456 0 0 0 -2.92518 0.71034 -0.318902 
34013184 0 0 0 0 0 0 
34013185 0 0 0 0 0 0 
34013440 0 0 0 0 0 0 
34013441 0 0 0 0 0 0 
34013696 0 0 0 0 0 0 
34013697 0 0 0 0 0 0 
34013952 0 0 0 0 0 0 
34013953 0 0 0 0 0 0 
34014208 0 0 0 0 0 0 
34014209 0 0 0 0 0 0 
34014464 0 0 0 0 0 0 
34014465 0 0 0 0 0 0 
34014720 0 0 0 0 0 0 
34014721 0 0 0 0 0 0 
34014976 0 0 0 0 0 0 
34014977 0 0 0 0 0 0 
34015232 0 0 0 0 0 0 
34015233 0 0 0 0 0 0 
34015488 0 0 0 0 0 0 
34015489 0 0 0 0 0 0 
34015744 0 0 0 0 0 0 
34015745 0 0 0 0 0 0 
34016000 0 0 0 0 0 0 
34016001 0 0 0 0 0 0 
34078720 0 0 0 0 0 0 
34078721 0 0 0 0 0 0 
34078976 0 0 0 0 0 0 
34078977 0 0 0 0 0 0 
34079232 0 0 0 0 0 0 
34079233 0 0 0 0 0 0 
34079488 0 0 0 0 0 0 
34079489 0 0 0 0 0 0 
34079744 0 0 0 0 0 0 
34079745 0 0 0 0 0 0 
34080000 0 0 0 0 0 0 
34080001 0 0 0 0 0 0 
34080256 0 0 0 0 0 0 
34080257 0 0 0 0 0 0 
34080512 0 0 0 0 0 0 
34080513 0 0 0 0 0 0 
34080768 0 0 0 0 0 0 
34080769 0 0 0 0 0 0 
34081024 0 0 0 0 0 0 
34081025 0 0 0 0 0 0 
34081280 0 0 0 0 0 0 
34081281 0 0 0 0 0 0 
34081536 0 0 0 0 0 0 
34081537 0 0 0 0 0 0 
34144256 0 0 0 0 0 0 
34144257 0 0 0 0 0 0 
34144512 0 0 0 0 0 0 
34144513 0 0 0 0 0 0 
34144768 0 0 0 0 0 0 
34144769 0 0 0 0 0 0 
34145024 0 0 0 0 0 0 
34145025 0 0 0 0 0 0 
34145280 0 0 0 0 0 0 
34145281 0 0 0 0 0 0 
34145536 0 0 0 0 0 0 
34145537 0 0 0 0 0 0 
34145792 0 0 0 0 0 0 
34145793 0 0 0 0 0 0 
34146048 0 0 0 0 0 0 
34146049 0 0 0 0 0 0 
34146304 0 0 0 0 0 0 
34146305 0 0 0 0 0 0 
34146560 0 0 0 0 0 0 
34146561 0 0 0 0 0 0 
34146816 0 0 0 0 0 0 
34146817 0 0 0 0 0 0 
34147072 0 0 0 0 0 0 
34147073 0 0 0 0 0 0 
34209792 0 0 0 0 0 0 
34209793 0 0 0 0 0 0 
34210048 0 0 0 0 0 0 
34210049 0 0 0 0 0 0 
34210304 0 0 0 0 0 0 
34210305 0 0 0 0 0 0 
34210560 0 0 0 0 0 0 
34210561 0 0 0 0 0 0 
34210816 0 0 0 0 0 0 
34210817 0 0 0 0 0 0 
34211072 0 0 0 0 0 0 
34211073 0 0 0 0 0 0 
34211328 0 0 0 0 0 0 
34211329 0 0 0 0 0 0 
34211584 0 0 0 0 0 0 
34211585 0 0 0 0 0 0 
34211840 0 0 0 0 0 0 
34211841 0 0 0 0 0 0 
34212096 0 0 0 0 0 0 
34212097 0 0 0 0 0 0 
34212352 0 0 0 0 0 0 
34212353 0 0 0 0 0 0 
34212608 0 0 0 0 0 0 
34212609 0 0 0 0 0 0 
34275328 0 0 0 0 0 0 
34275329 0 0 0 0 0 0 
34275584 0 0 0 0 0 0 
34275585 0 0 0 0 0 0 
34275840 0 0 0 0 0 0 
34275841 0 0 0 0 0 0 
34276096 0 0 0 0 0 0 
34276097 0 0 0 0 0 0 
34276352 0 0 0 0 0 0 
34276353 0 0 0 0 0 0 
34276608 0 0 0 0 0 0 
34276609 0 0 0 0 0 0 
34276864 0 0 0 0 0 0 
34276865 0 0 0 0 0 0 
34277120 0 0 0 0 0 0 
34277121 0 0 0 0 0 0 
34277376 0 0 0 0 0 0 
34277377 0 0 0 0 0 0 
34277632 0 0 0 0 0 0 
34277633 0 0 0 0 0 0 
34277888 0 0 0 0 0 0 
34277889 0 0 0 0 0 0 
34278144 0 0 0 0 0 0 
34278145 0 0 0 0 0 0 
34340864 0 0 0 0 0 0 
34340865 0 0 0 0 0 0 
34341120 0 0 0 0 0 0 
34341121 0 0 0 0 0 0 
34341376 0 0 0 0 0 0 
34341377 0 0 0 0 0 0 
34341632 0 0 0 0 0 0 
34341633 0 0 0 0 0 0 
34341888 0 0 0 0 0 0 
34341889 0 0 0 0 0 0 
34342144 0 0 0 0 0 0 
34342145 0 0 0 0 0 0 
34342400 0 0 0 0 0 0 
34342401 0 0 0 0 0 0 
34342656 0 0 0 0 0 0 
34342657 0 0 0 0 0 0 
34342912 0 0 0 0 0 0 
34342913 0 0 0 0 0 0 
34343168 0 0 0 0 0 0 
34343169 0 0 0 0 0 0 
34343424 0 0 0 0 0 0 
34343425 0 0 0 0 0 0 
34343680 0 0 0 0 0 0 
34343681 0 0 0 0 0 0 
34406400 0 0 0 0 0 0 
34406401 0 0 0 0 0 0 
34406656 0 0 0 0 0 0 
34406657 0 0 0 0 0 0 
34406912 0 0 0 0 0 0 
34406913 0 0 0 0 0 0 
34407168 0 0 0 0 0 0 
34407169 0 0 0 0 0 0 
34407424 0 0 0 0 0 0 
34407425 0 0 0 0 0 0 
34407680 0 0 0 0 0 0 
34407681 0 0 0 0 0 0 
34407936 0 0 0 0 0 0 
34407937 0 0 0 0 0 0 
34408192 0 0 0 0 0 0 
34408193 0 0 0 0 0 0 
34408448 0 0 0 0 0 0 
34408449 0 0 0 0 0 0 
34408704 0 0 0 0 0 0 
34408705 0 0 0 0 0 0 
34408960 0 0 0 0 0 0 
34408961 0 0 0 0 0 0 
34409216 0 0 0 0 0 0 
34409217 0 0 0 0 0 0 
34471936 0 0 0 0 0 0 
34471937 0 0 0 0 0 0 
34472192 0 0 0 0 0 0 
34472193 0 0 0 0 0 0 
34472448 0 0 0 0 0 0 
34472449 0 0 0 0 0 0 
34472704 0 0 0 0 0 0 
34472705 0 0 0 0 0 0 
34472960 0 0 0 0 0 0 
34472961 0 0 0 0 0 0 
34473216 0 0 0 0 0 0 
34473217 0 0 0 0 0 0 
34473472 0 0 0 0 0 0 
34473473 0 0 0 0 0 0 
34473728 0 0 0 0 0 0 
34473729 0 0 0 0 0 0 
34473984 0 0 0 0 0 0 
34473985 0 0 0 0 0 0 
34474240 0 0 0 0 0 0 
34474241 0 0 0 0 0 0 
34474496 0 0 0 0 0 0 
34474497 0 0 0 0 0 0 
34474752 0 0 0 0 0 0 
34474753 0 0 0 0 0 0 
34537472 0 0 0 0 0 0 
34537473 0 0 0 0 0 0 
34537728 0 0 0 0 0 0 
34537729 0 0 0 0 0 0 
34537984 0 0 0 0 0 0 
34537985 0 0 0 0 0 0 
34538240 0 0 0 0 0 0 
34538241 0 0 0 0 0 0 
34538496 0 0 0 0 0 0 
34538497 0 0 0 0 0 0 
34538752 0 0 0 0 0 0 
34538753 0 0 0 0 0 0 
34539008 0 0 0 0 0 0 
34539009 0 0 0 0 0 0 
34539264 0 0 0 0 0 0 
34539265 0 0 0 0 0 0 
34539520 0 0 0 0 0 0 
34539521 0 0 0 0 0 0 
34539776 0 0 0 0 0 0 
34539777 0 0 0 0 0 0 
34540032 0 0 0 0 0 0 
34540033 0 0 0 0 0 0 
34540288 0 0 0 0 0 0 
34540289 0 0 0 0 0 0 
34603008 0 0 0 0 0 0 
34603009 0 0 0 0 0 0 
34603264 0 0 0 0 0 0 
34603265 0 0 0 0 0 0 
34603520 0 0 0 0 0 0 
34603521 0 0 0 0 0 0 
34603776 0 0 0 0 0 0 
34603777 0 0 0 0 0 0 
34604032 0 0 0 0 0 0 
34604033 0 0 0 0 0 0 
34604288 0 0 0 0 0 0 
34604289 0 0 0 0 0 0 
34604544 0 0 0 0 0 0 
34604545 0 0 0 0 0 0 
34604800 0 0 0 0 0 0 
34604801 0 0 0 0 0 0 
34605056 0 0 0 0 0 0 
34605057 0 0 0 0 0 0 
34605312 0 0 0 0 0 0 
34605313 0 0 0 0 0 0 
34605568 0 0 0 0 0 0 
34605569 0 0 0 0 0 0 
34605824 0 0 0 0 0 0 
34605825 0 0 0 0 0 0 
34668544 0 0 0 0 0 0 
34668545 0 0 0 0 0 0 
34668800 0 0 0 0 0 0 
34668801 0 0 0 0 0 0 
34669056 0 0 0 0 0 0 
34669057 0 0 0 0 0 0 
34669312 0 0 0 0 0 0 
34669313 0 0 0 0 0 0 
34669568 0 0 0 0 0 0 
34669569 0 0 0 0 0 0 
34669824 0 0 0 0 0 0 
34669825 0 0 0 0 0 0 
34670080 0 0 0 0 0 0 
34670081 0 0 0 0 0 0 
34670336 0 0 0 0 0 0 
34670337 0 0 0 0 0 0 
34670592 0 0 0 0 0 0 
34670593 0 0 0 0 0 0 
34670848 0 0 0 0 0 0 
34670849 0 0 0 0 0 0 
34671104 0 0 0 0 0 0 
34671105 0 0 0 0 0 0 
34671360 0 0 0 0 0 0 
34671361 0 0 0 0 0 0 
34734080 0 0 0 0 0 0 
34734081 0 0 0 0 0 0 
34734336 0 0 0 0 0 0 
34734337 0 0 0 0 0 0 
34734592 0 0 0 0 0 0 
34734593 0 0 0 0 0 0 
34734848 0 0 0 0 0 0 
34734849 0 0 0 0 0 0 
34735104 0 0 0 0 0 0 
34735105 0 0 0 0 0 0 
34735360 0 0 0 0 0 0 
34735361 0 0 0 0 0 0 
34735616 0 0 0 0 0 0 
34735617 0 0 0 0 0 0 
34735872 0 0 0 0 0 0 
34735873 0 0 0 0 0 0 
34736128 0 0 0 0 0 0 
34736129 0 0 0 0 0 0 
34736384 0 0 0 0 0 0 
34736385 0 0 0 0 0 0 
34736640 0 0 0 0 0 0 
34736641 0 0 0 0 0 0 
34736896 0 0 0 0 0 0 
34736897 0 0 0 0 0 0 
34799616 0 0 0 0 0 0 
34799617 0 0 0 0 0 0 
34799872 0 0 0 0 0 0 
34799873 0 0 0 0 0 0 
34800128 0 0 0 0 0 0 
34800129 0 0 0 0 0 0 
34800384 0 0 0 0 0 0 
34800385 0 0 0 0 0 0 
34800640 0 0 0 0 0 0 
34800641 0 0 0 0 0 0 
34800896 0 0 0 0 0 0 
34800897 0 0 0 0 0 0 
34801152 0 0 0 0 0 0 
34801153 0 0 0 0 0 0 
34801408 0 0 0 0 0 0 
34801409 0 0 0 0 0 0 
34801664 0 0 0 0 0 0 
34801665 0 0 0 0 0 0 
34801920 0 0 0 0 0 0 
34801921 0 0 0 0 0 0 
34802176 0 0 0 0 0 0 
34802177 0 0 0 0 0 0 
34802432 0 0 0 0 0 0 
34802433 0 0 0 0 0 0 
34865152 0 0 0 0 0 0 
34865153 0 0 0 0 0 0 
34865408 0 0 0 0 0 0 
34865409 0 0 0 0 0 0 
34865664 0 0 0 0 0 0 
34865665 0 0 0 0 0 0 
34865920 0 0 0 0 0 0 
34865921 0 0 0 0 0 0 
34866176 0 0 0 0 0 0 
34866177 0 0 0 0 0 0 
34866432 0 0 0 0 0 0 
34866433 0 0 0 0 0 0 
34866688 0 0 0 0 0 0 
34866689 0 0 0 0 0 0 
34866944 0 0 0 0 0 0 
34866945 0 0 0 0 0 0 
34867200 0 0 0 0 0 0 
34867201 0 0 0 0 0 0 
34867456 0 0 0 0 0 0 
34867457 0 0 0 0 0 0 
34867712 0 0 0 0 0 0 
34867713 0 0 0 0 0 0 
34867968 0 0 0 0 0 0 
34867969 0 0 0 0 0 0 
34930688 0 0 0 0 0 0 
34930689 0 0 0 0 0 0 
34930944 0 0 0 0 0 0 
34930945 0 0 0 0 0 0 
34931200 0 0 0 0 0 0 
34931201 0 0 0 0 0 0 
34931456 0 0 0 0 0 0 
34931457 0 0 0 0 0 0 
34931712 0 0 0 0 0 0 
34931713 0 0 0 0 0 0 
34931968 0 0 0 0 0 0 
34931969 0 0 0 0 0 0 
34932224 0 0 0 0 0 0 
34932225 0 0 0 0 0 0 
34932480 0 0 0 0 0 0 
34932481 0 0 0 0 0 0 
34932736 0 0 0 0 0 0 
34932737 0 0 0 0 0 0 
34932992 0 0 0 0 0 0 
34932993 0 0 0 0 0 0 
34933248 0 0 0 0 0 0 
34933249 0 0 0 0 0 0 
34933504 0 0 0 0 0 0 
34933505 0 0 0 0 0 0 
34996224 0 0 0 0 0 0 
34996225 0 0 0 0 0 0 
34996480 0 0 0 0 0 0 
34996481 0 0 0 0 0 0 
34996736 0 0 0 0 0 0 
34996737 0 0 0 0 0 0 
34996992 0 0 0 0 0 0 
34996993 0 0 0 0 0 0 
34997248 0 0 0 0 0 0 
34997249 0 0 0 0 0 0 
34997504 0 0 0 0 0 0 
34997505 0 0 0 0 0 0 
34997760 0 0 0 0 0 0 
34997761 0 0 0 0 0 0 
34998016 0 0 0 0 0 0 
34998017 0 0 0 0 0 0 
34998272 0 0 0 0 0 0 
34998273 0 0 0 0 0 0 
34998528 0 0 0 0 0 0 
34998529 0 0 0 0 0 0 
34998784 0 0 0 0 0 0 
34998785 0 0 0 0 0 0 
34999040 0 0 0 0 0 0 
34999041 0 0 0 0 0 0 
35061760 0 0 0 0 0 0 
35061761 0 0 0 0 0 0 
35062016 0 0 0 0 0 0 
35062017 0 0 0 0 0 0 
35062272 0 0 0 0 0 0 
35062273 0 0 0 0 0 0 
35062528 0 0 0 0 0 0 
35062529 0 0 0 0 0 0 
35062784 0 0 0 0 0 0 
35062785 0 0 0 0 0 0 
35063040 0 0 0 0 0 0 
35063041 0 0 0 0 0 0 
35063296 0 0 0 0 0 0 
35063297 0 0 0 0 0 0 
35063552 0 0 0 0 0 0 
35063553 0 0 0 0 0 0 
35063808 0 0 0 0 0 0 
35063809 0 0 0 0 0 0 
35064064 0 0 0 0 0 0 
35064065 0 0 0 0 0 0 
35064320 0 0 0 0 0 0 
35064321 0 0 0 0 0 0 
35064576 0 0 0 0 0 0 
35064577 0 0 0 0 0 0 
35127296 0 0 0 0 0 0 
35127297 0 0 0 0 0 0 
35127552 0 0 0 0 0 0 
35127553 0 0 0 0 0 0 
35127808 0 0 0 0 0 0 
35127809 0 0 0 0 0 0 
35128064 0 0 0 0 0 0 
35128065 0 0 0 0 0 0 
35128320 0 0 0 0 0 0 
35128321 0 0 0 0 0 0 
35128576 0 0 0 0 0 0 
35128577 0 0 0 0 0 0 
35128832 0 0 0 0 0 0 
35128833 0 0 0 0 0 0 
35129088 0 0 0 0 0 0 
35129089 0 0 0 0 0 0 
35129344 0 0 0 0 0 0 
35129345 0 0 0 0 0 0 
35129600 0 0 0 0 0 0 
35129601 0 0 0 0 0 0 
35129856 0 0 0 0 0 0 
35129857 0 0 0 0 0 0 
35130112 0 0 0 0 0 0 
35130113 0 0 0 0 0 0 
35192832 0 0 0 0 0 0 
35192833 0 0 0 0 0 0 
35193088 0 0 0 0 0 0 
35193089 0 0 0 0 0 0 
35193344 0 0 0 0 0 0 
35193345 0 0 0 0 0 0 
35193600 0 0 0 0 0 0 
35193601 0 0 0 0 0 0 
35193856 0 0 0 0 0 0 
35193857 0 0 0 0 0 0 
35194112 0 0 0 0 0 0 
35194113 0 0 0 0 0 0 
35194368 0 0 0 0 0 0 
35194369 0 0 0 0 0 0 
35194624 0 0 0 0 0 0 
35194625 0 0 0 0 0 0 
35194880 0 0 0 0 0 0 
35194881 0 0 0 0 0 0 
35195136 0 0 0 0 0 0 
35195137 0 0 0 0 0 0 
35195392 0 0 0 0 0 0 
35195393 0 0 0 0 0 0 
35195648 0 0 0 0 0 0 
35195649 0 0 0 0 0 0 
35258368 0 0 0 0 0 0 
35258369 0 0 0 0 0 0 
35258624 0 0 0 0 0 0 
35258625 0 0 0 0 0 0 
35258880 0 0 0 0 0 0 
35258881 0 0 0 0 0 0 
35259136 0 0 0 0 0 0 
35259137 0 0 0 0 0 0 
35259392 0 0 0 0 0 0 
35259393 0 0 0 0 0 0 
35259648 0 0 0 0 0 0 
35259649 0 0 0 0 0 0 
35259904 0 0 0 0 0 0 
35259905 0 0 0 0 0 0 
35260160 0 0 0 0 0 0 
35260161 0 0 0 0 0 0 
35260416 0 0 0 0 0 0 
35260417 0 0 0 0 0 0 
35260672 0 0 0 0 0 0 
35260673 0 0 0 0 0 0 
35260928 0 0 0 0 0 0 
35260929 0 0 0 0 0 0 
35261184 0 0 0 0 0 0 
35261185 0 0 0 0 0 0 
35323904 0 0 0 0 0 0 
35323905 0 0 0 0 0 0 
35324160 0 0 0 0 0 0 
35324161 0 0 0 0 0 0 
35324416 0 0 0 0 0 0 
35324417 0 0 0 0 0 0 
35324672 0 0 0 0 0 0 
35324673 0 0 0 0 0 0 
35324928 0 0 0 0 0 0 
35324929 0 0 0 0 0 0 
35325184 0 0 0 0 0 0 
35325185 0 0 0 0 0 0 
35325440 0 0 0 0 0 0 
35325441 0 0 0 0 0 0 
35325696 0 0 0 0 0 0 
35325697 0 0 0 0 0 0 
35325952 0 0 0 0 0 0 
35325953 0 0 0 0 0 0 
35326208 0 0 0 0 0 0 
35326209 0 0 0 0 0 0 
35326464 0 0 0 0 0 0 
35326465 0 0 0 0 0 0 
35326720 0 0 0 0 0 0 
35326721 0 0 0 0 0 0 
35389440 0 0 0 0 0 0 
35389441 0 0 0 0 0 0 
35389696 0 0 0 0 0 0 
35389697 0 0 0 0 0 0 
35389952 0 0 0 0 0 0 
35389953 0 0 0 0 0 0 
35390208 0 0 0 0 0 0 
35390209 0 0 0 0 0 0 
35390464 0 0 0 0 0 0 
35390465 0 0 0 0 0 0 
35390720 0 0 0 0 0 0 
35390721 0 0 0 0 0 0 
35390976 0 0 0 0 0 0 
35390977 0 0 0 0 0 0 
35391232 0 0 0 0 0 0 
35391233 0 0 0 0 0 0 
35391488 0 0 0 0 0 0 
35391489 0 0 0 0 0 0 
35391744 0 0 0 0 0 0 
35391745 0 0 0 0 0 0 
35392000 0 0 0 0 0 0 
35392001 0 0 0 0 0 0 
35392256 0 0 0 0 0 0 
35392257 0 0 0 0 0 0 
35454976 0 0 0 0 0 0 
35454977 0 0 0 0 0 0 
35455232 0 0 0 0 0 0 
35455233 0 0 0 0 0 0 
35455488 0 0 0 0 0 0 
35455489 0 0 0 0 0 0 
35455744 0 0 0 0 0 0 
35455745 0 0 0 0 0 0 
35456000 0 0 0 0 0 0 
35456001 0 0 0 0 0 0 
35456256 0 0 0 0 0 0 
35456257 0 0 0 0 0 0 
35456512 0 0 0 0 0 0 
35456513 0 0 0 0 0 0 
35456768 0 0 0 0 0 0 
35456769 0 0 0 0 0 0 
35457024 0 0 0 0 0 0 
35457025 0 0 0 0 0 0 
35457280 0 0 0 0 0 0 
35457281 0 0 0 0 0 0 
35457536 0 0 0 0 0 0 
35457537 0 0 0 0 0 0 
35457792 0 0 0 0 0 0 
35457793 0 0 0 0 0 0 
35520512 0 0 0 0 0 0 
35520513 0 0 0 0 0 0 
35520768 0 0 0 0 0 0 
35520769 0 0 0 0 0 0 
35521024 0 0 0 0 0 0 
35521025 0 0 0 0 0 0 
35521280 0 0 0 0 0 0 
35521281 0 0 0 0 0 0 
35521536 0 0 0 0 0 0 
35521537 0 0 0 0 0 0 
35521792 0 0 0 0 0 0 
35521793 0 0 0 0 0 0 
35522048 0 0 0 0 0 0 
35522049 0 0 0 0 0 0 
35522304 0 0 0 0 0 0 
35522305 0 0 0 0 0 0 
35522560 0 0 0 0 0 0 
35522561 0 0 0 0 0 0 
35522816 0 0 0 0 0 0 
35522817 0 0 0 0 0 0 
35523072 0 0 0 0 0 0 
35523073 0 0 0 0 0 0 
35523328 0 0 0 0 0 0 
35523329 0 0 0 0 0 0 
35586048 0 0 0 0 0 0 
35586049 0 0 0 0 0 0 
35586304 0 0 0 0 0 0 
35586305 0 0 0 0 0 0 
35586560 0 0 0 0 0 0 
35586561 0 0 0 0 0 0 
35586816 0 0 0 0 0 0 
35586817 0 0 0 0 0 0 
35587072 0 0 0 0 0 0 
35587073 0 0 0 0 0 0 
35587328 0 0 0 0 0 0 
35587329 0 0 0 0 0 0 
35587584 0 0 0 0 0 0 
35587585 0 0 0 0 0 0 
35587840 0 0 0 0 0 0 
35587841 0 0 0 0 0 0 
35588096 0 0 0 0 0 0 
35588097 0 0 0 0 0 0 
35588352 0 0 0 0 0 0 
35588353 0 0 0 0 0 0 
35588608 0 0 0 0 0 0 
35588609 0 0 0 0 0 0 
35588864 0 0 0 0 0 0 
35588865 0 0 0 0 0 0 
35651584 0 0 0 0 0 0 
35651585 0 0 0 0 0 0 
35651840 0 0 0 0 0 0 
35651841 0 0 0 0 0 0 
35652096 0 0 0 0 0 0 
35652097 0 0 0 0 0 0 
35652352 0 0 0 0 0 0 
35652353 0 0 0 0 0 0 
35652608 0 0 0 0 0 0 
35652609 0 0 0 0 0 0 
35652864 0 0 0 0 0 0 
35652865 0 0 0 0 0 0 
35653120 0 0 0 0 0 0 
35653121 0 0 0 0 0 0 
35653376 0 0 0 0 0 0 
35653377 0 0 0 0 0 0 
35653632 0 0 0 0 0 0 
35653633 0 0 0 0 0 0 
35653888 0 0 0 0 0 0 
35653889 0 0 0 0 0 0 
35654144 0 0 0 0 0 0 
35654145 0 0 0 0 0 0 
35654400 0 0 0 0 0 0 
35654401 0 0 0 0 0 0 
35717120 0 0 0 0 0 0 
35717121 0 0 0 0 0 0 
35717376 0 0 0 0 0 0 
35717377 0 0 0 0 0 0 
35717632 0 0 0 0 0 0 
35717633 0 0 0 0 0 0 
35717888 0 0 0 0 0 0 
35717889 0 0 0 0 0 0 
35718144 0 0 0 0 0 0 
35718145 0 0 0 0 0 0 
35718400 0 0 0 0 0 0 
35718401 0 0 0 0 0 0 
35718656 0 0 0 0 0 0 
35718657 0 0 0 0 0 0 
35718912 0 0 0 0 0 0 
35718913 0 0 0 0 0 0 
35719168 0 0 0 0 0 0 
35719169 0 0 0 0 0 0 
35719424 0 0 0 0 0 0 
35719425 0 0 0 0 0 0 
35719680 0 0 0 0 0 0 
35719681 0 0 0 0 0 0 
35719936 0 0 0 0 0 0 
35719937 0 0 0 0 0 0 
35782656 0 0 0 0 0 0 
35782657 0 0 0 0 0 0 
35782912 0 0 0 0 0 0 
35782913 0 0 0 0 0 0 
35783168 0 0 0 0 0 0 
35783169 0 0 0 0 0 0 
35783424 0 0 0 0 0 0 
35783425 0 0 0 0 0 0 
35783680 0 0 0 0 0 0 
35783681 0 0 0 0 0 0 
35783936 0 0 0 0 0 0 
35783937 0 0 0 0 0 0 
35784192 0 0 0 0 0 0 
35784193 0 0 0 0 0 0 
35784448 0 0 0 0 0 0 
35784449 0 0 0 0 0 0 
35784704 0 0 0 0 0 0 
35784705 0 0 0 0 0 0 
35784960 0 0 0 0 0 0 
35784961 0 0 0 0 0 0 
35785216 0 0 0 0 0 0 
35785217 0 0 0 0 0 0 
35785472 0 0 0 0 0 0 
35785473 0 0 0 0 0 0 
35848192 0 0 0 0 0 0 
35848193 0 0 0 0 0 0 
35848448 0 0 0 0 0 0 
35848449 0 0 0 0 0 0 
35848704 0 0 0 0 0 0 
35848705 0 0 0 0 0 0 
35848960 0 0 0 0 0 0 
35848961 0 0 0 0 0 0 
35849216 0 0 0 0 0 0 
35849217 0 0 0 0 0 0 
35849472 0 0 0 0 0 0 
35849473 0 0 0 0 0 0 
35849728 0 0 0 0 0 0 
35849729 0 0 0 0 0 0 
35849984 0 0 0 0 0 0 
35849985 0 0 0 0 0 0 
35850240 0 0 0 0 0 0 
35850241 0 0 0 0 0 0 
35850496 0 0 0 0 0 0 
35850497 0 0 0 0 0 0 
35850752 0 0 0 0 0 0 
35850753 0 0 0 0 0 0 
35851008 0 0 0 0 0 0 
35851009 0 0 0 0 0 0 
35913728 0 0 0 0 0 0 
35913729 0 0 0 0 0 0 
35913984 0 0 0 0 0 0 
35913985 0 0 0 0 0 0 
35914240 0 0 0 0 0 0 
35914241 0 0 0 0 0 0 
35914496 0 0 0 0 0 0 
35914497 0 0 0 0 0 0 
35914752 0 0 0 0 0 0 
35914753 0 0 0 0 0 0 
35915008 0 0 0 0 0 0 
35915009 0 0 0 0 0 0 
35915264 0 0 0 0 0 0 
35915265 0 0 0 0 0 0 
35915520 0 0 0 0 0 0 
35915521 0 0 0 0 0 0 
35915776 0 0 0 0 0 0 
35915777 0 0 0 0 0 0 
35916032 0 0 0 0 0 0 
35916033 0 0 0 0 0 0 
35916288 0 0 0 0 0 0 
35916289 0 0 0 0 0 0 
35916544 0 0 0 0 0 0 
35916545 0 0 0 0 0 0 
35979264 0 0 0 0 0 0 
35979265 0 0 0 0 0 0 
35979520 0 0 0 0 0 0 
35979521 0 0 0 0 0 0 
35979776 0 0 0 0 0 0 
35979777 0 0 0 0 0 0 
35980032 0 0 0 0 0 0 
35980033 0 0 0 0 0 0 
35980288 0 0 0 0 0 0 
35980289 0 0 0 0 0 0 
35980544 0 0 0 0 0 0 
35980545 0 0 0 0 0 0 
35980800 0 0 0 0 0 0 
35980801 0 0 0 0 0 0 
35981056 0 0 0 0 0 0 
35981057 0 0 0 0 0 0 
35981312 0 0 0 0 0 0 
35981313 0 0 0 0 0 0 
35981568 0 0 0 0 0 0 
35981569 0 0 0 0 0 0 
35981824 0 0 0 0 0 0 
35981825 0 0 0 0 0 0 
35982080 0 0 0 0 0 0 
35982081 0 0 0 0 0 0 
36044800 0 0 0 0 0 0 
36044801 0 0 0 0 0 0 
36045056 0 0 0 0 0 0 
36045057 0 0 0 0 0 0 
36045312 0 0 0 0 0 0 
36045313 0 0 0 0 0 0 
36045568 0 0 0 0 0 0 
36045569 0 0 0 0 0 0 
36045824 0 0 0 0 0 0 
36045825 0 0 0 0 0 0 
36046080 0 0 0 0 0 0 
36046081 0 0 0 0 0 0 
36046336 0 0 0 0 0 0 
36046337 0 0 0 0 0 0 
36046592 0 0 0 0 0 0 
36046593 0 0 0 0 0 0 
36046848 0 0 0 0 0 0 
36046849 0 0 0 0 0 0 
36047104 0 0 0 0 0 0 
36047105 0 0 0 0 0 0 
36047360 0 0 0 0 0 0 
36047361 0 0 0 0 0 0 
36047616 0 0 0 0 0 0 
36047617 0 0 0 0 0 0 
36110336 0 0 0 0 0 0 
36110337 0 0 0 0 0 0 
36110592 0 0 0 0 0 0 
36110593 0 0 0 0 0 0 
36110848 0 0 0 0 0 0 
36110849 0 0 0 0 0 0 
36111104 0 0 0 0 0 0 
36111105 0 0 0 0 0 0 
36111360 0 0 0 0 0 0 
36111361 0 0 0 0 0 0 
36111616 0 0 0 0 0 0 
36111617 0 0 0 0 0 0 
36111872 0 0 0 0 0 0 
36111873 0 0 0 0 0 0 
36112128 0 0 0 0 0 0 
36112129 0 0 0 0 0 0 
36112384 0 0 0 0 0 0 
36112385 0 0 0 0 0 0 
36112640 0 0 0 0 0 0 
36112641 0 0 0 0 0 0 
36112896 0 0 0 0 0 0 
36112897 0 0 0 0 0 0 
36113152 0 0 0 0 0 0 
36113153 0 0 0 0 0 0 
36175872 0 0 0 0 0 0 
36175873 0 0 0 0 0 0 
36176128 0 0 0 0 0 0 
36176129 0 0 0 0 0 0 
36176384 0 0 0 0 0 0 
36176385 0 0 0 0 0 0 
36176640 0 0 0 0 0 0 
36176641 0 0 0 0 0 0 
36176896 0 0 0 0 0 0 
36176897 0 0 0 0 0 0 
36177152 0 0 0 0 0 0 
36177153 0 0 0 0 0 0 
36177408 0 0 0 0 0 0 
36177409 0 0 0 0 0 0 
36177664 0 0 0 0 0 0 
36177665 0 0 0 0 0 0 
36177920 0 0 0 0 0 0 
36177921 0 0 0 0 0 0 
36178176 0 0 0 0 0 0 
36178177 0 0 0 0 0 0 
36178432 0 0 0 0 0 0 
36178433 0 0 0 0 0 0 
36178688 0 0 0 0 0 0 
36178689 0 0 0 0 0 0 
36241408 0 0 0 0 0 0 
36241409 0 0 0 0 0 0 
36241664 0 0 0 0 0 0 
36241665 0 0 0 0 0 0 
36241920 0 0 0 0 0 0 
36241921 0 0 0 0 0 0 
36242176 0 0 0 0 0 0 
36242177 0 0 0 0 0 0 
36242432 0 0 0 0 0 0 
36242433 0 0 0 0 0 0 
36242688 0 0 0 0 0 0 
36242689 0 0 0 0 0 0 
36242944 0 0 0 0 0 0 
36242945 0 0 0 0 0 0 
36243200 0 0 0 0 0 0 
36243201 0 0 0 0 0 0 
36243456 0 0 0 0 0 0 
36243457 0 0 0 0 0 0 
36243712 0 0 0 0 0 0 
36243713 0 0 0 0 0 0 
36243968 0 0 0 0 0 0 
36243969 0 0 0 0 0 0 
36244224 0 0 0 0 0 0 
36244225 0 0 0 0 0 0 
36306944 0 0 0 0 0 0 
36306945 0 0 0 0 0 0 
36307200 0 0 0 0 0 0 
36307201 0 0 0 0 0 0 
36307456 0 0 0 0 0 0 
36307457 0 0 0 0 0 0 
36307712 0 0 0 0 0 0 
36307713 0 0 0 0 0 0 
36307968 0 0 0 0 0 0 
36307969 0 0 0 0 0 0 
36308224 0 0 0 0 0 0 
36308225 0 0 0 0 0 0 
36308480 0 0 0 0 0 0 
36308481 0 0 0 0 0 0 
36308736 0 0 0 0 0 0 
36308737 0 0 0 0 0 0 
36308992 0 0 0 0 0 0 
36308993 0 0 0 0 0 0 
36309248 0 0 0 0 0 0 
36309249 0 0 0 0 0 0 
36309504 0 0 0 0 0 0 
36309505 0 0 0 0 0 0 
36309760 0 0 0 0 0 0 
36309761 0 0 0 0 0 0 
36372480 0 0 0 0 0 0 
36372481 0 0 0 0 0 0 
36372736 0 0 0 0 0 0 
36372737 0 0 0 0 0 0 
36372992 0 0 0 0 0 0 
36372993 0 0 0 0 0 0 
36373248 0 0 0 0 0 0 
36373249 0 0 0 0 0 0 
36373504 0 0 0 0 0 0 
36373505 0 0 0 0 0 0 
36373760 0 0 0 0 0 0 
36373761 0 0 0 0 0 0 
36374016 0 0 0 0 0 0 
36374017 0 0 0 0 0 0 
36374272 0 0 0 0 0 0 
36374273 0 0 0 0 0 0 
36374528 0 0 0 0 0 0 
36374529 0 0 0 0 0 0 
36374784 0 0 0 0 0 0 
36374785 0 0 0 0 0 0 
36375040 0 0 0 0 0 0 
36375041 0 0 0 0 0 0 
36375296 0 0 0 0 0 0 
36375297 0 0 0 0 0 0 
36438016 0 0 0 0 0 0 
36438017 0 0 0 0 0 0 
36438272 0 0 0 0 0 0 
36438273 0 0 0 0 0 0 
36438528 0 0 0 0 0 0 
36438529 0 0 0 0 0 0 
36438784 0 0 0 0 0 0 
36438785 0 0 0 0 0 0 
36439040 0 0 0 0 0 0 
36439041 0 0 0 0 0 0 
36439296 0 0 0 0 0 0 
36439297 0 0 0 0 0 0 
36439552 0 0 0 0 0 0 
36439553 0 0 0 0 0 0 
36439808 0 0 0 0 0 0 
36439809 0 0 0 0 0 0 
36440064 0 0 0 0 0 0 
36440065 0 0 0 0 0 0 
36440320 0 0 0 0 0 0 
36440321 0 0 0 0 0 0 
36440576 0 0 0 0 0 0 
36440577 0 0 0 0 0 0 
36440832 0 0 0 0 0 0 
36440833 0 0 0 0 0 0 
36503552 0 0 0 0 0 0 
36503553 0 0 0 0 0 0 
36503808 0 0 0 0 0 0 
36503809 0 0 0 0 0 0 
36504064 0 0 0 0 0 0 
36504065 0 0 0 0 0 0 
36504320 0 0 0 0 0 0 
36504321 0 0 0 0 0 0 
36504576 0 0 0 0 0 0 
36504577 0 0 0 0 0 0 
36504832 0 0 0 0 0 0 
36504833 0 0 0 0 0 0 
36505088 0 0 0 0 0 0 
36505089 0 0 0 0 0 0 
36505344 0 0 0 0 0 0 
36505345 0 0 0 0 0 0 
36505600 0 0 0 0 0 0 
36505601 0 0 0 0 0 0 
36505856 0 0 0 0 0 0 
36505857 0 0 0 0 0 0 
36506112 0 0 0 0 0 0 
36506113 0 0 0 0 0 0 
36506368 0 0 0 0 0 0 
36506369 0 0 0 0 0 0 
36569088 0 0 0 0 0 0 
36569089 0 0 0 0 0 0 
36569344 0 0 0 0 0 0 
36569345 0 0 0 0 0 0 
36569600 0 0 0 0 0 0 
36569601 0 0 0 0 0 0 
36569856 0 0 0 0 0 0 
36569857 0 0 0 0 0 0 
36570112 0 0 0 0 0 0 
36570113 0 0 0 0 0 0 
36570368 0 0 0 0 0 0 
36570369 0 0 0 0 0 0 
36570624 0 0 0 0 0 0 
36570625 0 0 0 0 0 0 
36570880 0 0 0 0 0 0 
36570881 0 0 0 0 0 0 
36571136 0 0 0 0 0 0 
36571137 0 0 0 0 0 0 
36571392 0 0 0 0 0 0 
36571393 0 0 0 0 0 0 
36571648 0 0 0 0 0 0 
36571649 0 0 0 0 0 0 
36571904 0 0 0 0 0 0 
36571905 0 0 0 0 0 0 
36634624 0 0 0 0 0 0 
36634625 0 0 0 0 0 0 
36634880 0 0 0 0 0 0 
36634881 0 0 0 0 0 0 
36635136 0 0 0 0 0 0 
36635137 0 0 0 0 0 0 
36635392 0 0 0 0 0 0 
36635393 0 0 0 0 0 0 
36635648 0 0 0 0 0 0 
36635649 0 0 0 0 0 0 
36635904 0 0 0 0 0 0 
36635905 0 0 0 0 0 0 
36636160 0 0 0 0 0 0 
36636161 0 0 0 0 0 0 
36636416 0 0 0 0 0 0 
36636417 0 0 0 0 0 0 
36636672 0 0 0 0 0 0 
36636673 0 0 0 0 0 0 
36636928 0 0 0 0 0 0 
36636929 0 0 0 0 0 0 
36637184 0 0 0 0 0 0 
36637185 0 0 0 0 0 0 
36637440 0 0 0 0 0 0 
36637441 0 0 0 0 0 0 
36700160 0 0 0 0 0 0 
36700161 0 0 0 0 0 0 
36700416 0 0 0 0 0 0 
36700417 0 0 0 0 0 0 
36700672 0 0 0 0 0 0 
36700673 0 0 0 0 0 0 
36700928 0 0 0 0 0 0 
36700929 0 0 0 0 0 0 
36701184 0 0 0 0 0 0 
36701185 0 0 0 0 0 0 
36701440 0 0 0 0 0 0 
36701441 0 0 0 0 0 0 
36701696 0 0 0 0 0 0 
36701697 0 0 0 0 0 0 
36701952 0 0 0 0 0 0 
36701953 0 0 0 0 0 0 
36702208 0 0 0 0 0 0 
36702209 0 0 0 0 0 0 
36702464 0 0 0 0 0 0 
36702465 0 0 0 0 0 0 
36702720 0 0 0 0 0 0 
36702721 0 0 0 0 0 0 
36702976 0 0 0 0 0 0 
36702977 0 0 0 0 0 0 
36765696 0 0 0 0 0 0 
36765697 0 0 0 0 0 0 
36765952 0 0 0 0 0 0 
36765953 0 0 0 0 0 0 
36766208 0 0 0 0 0 0 
36766209 0 0 0 0 0 0 
36766464 0 0 0 0 0 0 
36766465 0 0 0 0 0 0 
36766720 0 0 0 0 0 0 
36766721 0 0 0 0 0 0 
36766976 0 0 0 0 0 0 
36766977 0 0 0 0 0 0 
36767232 0 0 0 0 0 0 
36767233 0 0 0 0 0 0 
36767488 0 0 0 0 0 0 
36767489 0 0 0 0 0 0 
36767744 0 0 0 0 0 0 
36767745 0 0 0 0 0 0 
36768000 0 0 0 0 0 0 
36768001 0 0 0 0 0 0 
36768256 0 0 0 0 0 0 
36768257 0 0 0 0 0 0 
36768512 0 0 0 0 0 0 
36768513 0 0 0 0 0 0 
36831232 0 0 0 0 0 0 
36831233 0 0 0 0 0 0 
36831488 0 0 0 0 0 0 
36831489 0 0 0 0 0 0 
36831744 0 0 0 0 0 0 
36831745 0 0 0 0 0 0 
36832000 0 0 0 0 0 0 
36832001 0 0 0 0 0 0 
36832256 0 0 0 0 0 0 
36832257 0 0 0 0 0 0 
36832512 0 0 0 0 0 0 
36832513 0 0 0 0 0 0 
36832768 0 0 0 0 0 0 
36832769 0 0 0 0 0 0 
36833024 0 0 0 0 0 0 
36833025 0 0 0 0 0 0 
36833280 0 0 0 0 0 0 
36833281 0 0 0 0 0 0 
36833536 0 0 0 0 0 0 
36833537 0 0 0 0 0 0 
36833792 0 0 0 0 0 0 
36833793 0 0 0 0 0 0 
36834048 0 0 0 0 0 0 
36834049 0 0 0 0 0 0 
36896768 0 0 0 0 0 0 
36896769 0 0 0 0 0 0 
36897024 0 0 0 0 0 0 
36897025 0 0 0 0 0 0 
36897280 0 0 0 0 0 0 
36897281 0 0 0 0 0 0 
36897536 0 0 0 0 0 0 
36897537 0 0 0 0 0 0 
36897792 0 0 0 0 0 0 
36897793 0 0 0 0 0 0 
36898048 0 0 0 0 0 0 
36898049 0 0 0 0 0 0 
36898304 0 0 0 0 0 0 
36898305 0 0 0 0 0 0 
36898560 0 0 0 0 0 0 
36898561 0 0 0 0 0 0 
36898816 0 0 0 0 0 0 
36898817 0 0 0 0 0 0 
36899072 0 0 0 0 0 0 
36899073 0 0 0 0 0 0 
36899328 0 0 0 0 0 0 
36899329 0 0 0 0 0 0 
36899584 0 0 0 0 0 0 
36899585 0 0 0 0 0 0 
36962304 0 0 0 0 0 0 
36962305 0 0 0 0 0 0 
36962560 0 0 0 0 0 0 
36962561 0 0 0 0 0 0 
36962816 0 0 0 0 0 0 
36962817 0 0 0 0 0 0 
36963072 0 0 0 0 0 0 
36963073 0 0 0 0 0 0 
36963328 0 0 0 0 0 0 
36963329 0 0 0 0 0 0 
36963584 0 0 0 0 0 0 
36963585 0 0 0 0 0 0 
36963840 0 0 0 0 0 0 
36963841 0 0 0 0 0 0 
36964096 0 0 0 0 0 0 
36964097 0 0 0 0 0 0 
36964352 0 0 0 0 0 0 
36964353 0 0 0 0 0 0 
36964608 0 0 0 0 0 0 
36964609 0 0 0 0 0 0 
36964864 0 0 0 0 0 0 
36964865 0 0 0 0 0 0 
36965120 0 0 0 0 0 0 
36965121 0 0 0 0 0 0 
37027840 0 0 0 0 0 0 
37027841 0 0 0 0 0 0 
37028096 0 0 0 0 0 0 
37028097 0 0 0 0 0 0 
37028352 0 0 0 0 0 0 
37028353 0 0 0 0 0 0 
37028608 0 0 0 0 0 0 
37028609 0 0 0 0 0 0 
37028864 0 0 0 0 0 0 
37028865 0 0 0 0 0 0 
37029120 0 0 0 0 0 0 
37029121 0 0 0 0 0 0 
37029376 0 0 0 0 0 0 
37029377 0 0 0 0 0 0 
37029632 0 0 0 0 0 0 
37029633 0 0 0 0 0 0 
37029888 0 0 0 0 0 0 
37029889 0 0 0 0 0 0 
37030144 0 0 0 0 0 0 
37030145 0 0 0 0 0 0 
37030400 0 0 0 0 0 0 
37030401 0 0 0 0 0 0 
37030656 0 0 0 0 0 0 
37030657 0 0 0 0 0 0 
37093376 0 0 0 0 0 0 
37093377 0 0 0 0 0 0 
37093632 0 0 0 0 0 0 
37093633 0 0 0 0 0 0 
37093888 0 0 0 0 0 0 
37093889 0 0 0 0 0 0 
37094144 0 0 0 0 0 0 
37094145 0 0 0 0 0 0 
37094400 0 0 0 0 0 0 
37094401 0 0 0 0 0 0 
37094656 0 0 0 0 0 0 
37094657 0 0 0 0 0 0 
37094912 0 0 0 0 0 0 
37094913 0 0 0 0 0 0 
37095168 0 0 0 0 0 0 
37095169 0 0 0 0 0 0 
37095424 0 0 0 0 0 0 
37095425 0 0 0 0 0 0 
37095680 0 0 0 0 0 0 
37095681 0 0 0 0 0 0 
37095936 0 0 0 0 0 0 
37095937 0 0 0 0 0 0 
37096192 0 0 0 0 0 0 
37096193 0 0 0 0 0 0 
53936384 0 0 0 0 0 0 
53936385 0 0 0 0 0 0 
53936386 0 0 0 0 0 0 
53936387 0 0 0 0 0 0 
53936388 0 0 0 0 0 0 
53936389 0 0 0 0 0 0 
53936390 0 0 0 0 0 0 
53936391 0 0 0 0 0 0 
54001664 0 0 0 0 0 0 
54001665 0 0 0 0 0 0 
54001666 0 0 0 0 0 0 
54001667 0 0 0 0 0 0 
54001668 0 0 0 0 0 0 
54001669 0 0 0 0 0 0 
54001670 0 0 0 0 0 0 
54001671 0 0 0 0 0 0 
